# Fix print output for fix def1
100 0.00100000000000042 0.01126928276066 -0.00716962107516064 0.0118742047774435 92.2470038352262 92.1404881394915 92.0666864272958 299.999582129928 2.33430351898916 1518.81751420027 -179794.979397743 -178250.155274552
200 0.00200000000000037 -0.0336390262393362 0.0105646177444825 0.040669019636915 92.3763572777056 92.1156546162051 91.9745275820232 301.199124753233 2.33399958456943 1524.89047714366 -179801.88219483 -178248.342689027
300 0.00300000000000033 0.00089941934258737 0.0614776127035731 0.0930328175072096 92.3802267216084 92.1469971052643 91.8823687367507 298.973392487406 2.33544810740789 1513.6221909572 -179791.348926974 -178024.832272638
400 0.0040000000000006 -0.0263380764221834 -0.0272500937936297 0.0882444999258348 92.3547033721432 92.3113502483202 91.7902098914781 301.01072455409 2.33427560457148 1523.93665740796 -179802.340848779 -178221.980507347
500 0.00500000000000055 0.0476905699045079 0.00686264389598915 0.155041326253751 92.2973033682231 92.3990880585472 91.6980510462055 298.56867177457 2.33585463768265 1511.5731984131 -179790.346483473 -177937.764823328
600 0.00600000000000051 -0.00143636547024378 -0.040971930557125 0.163503956140298 92.369200974247 92.4539746708195 91.6058922009329 300.352445404461 2.33499757107458 1520.60396642689 -179799.610350013 -178081.912499041
700 0.00700000000000046 -0.00386008060305646 0.00881002325692752 0.21975053361833 92.4342651404273 92.4353735623117 91.5137333556604 299.702105416622 2.33617379900368 1517.31146929505 -179796.343027564 -177913.49581726
800 0.00800000000000042 -0.010083819868504 0.0285277639366509 0.234521283235741 92.4853806097121 92.4729869070344 91.4215745103878 300.164673195484 2.33628566859479 1519.65332603716 -179798.353897169 -177867.204317718
900 0.00900000000000038 -0.000927638968823663 -0.000594973325794841 0.267412909576643 92.4777229441612 92.5617844960371 91.3294156651152 300.842145028055 2.3365931006303 1523.08318443023 -179801.376419364 -177845.828794809
1000 0.0100000000000003 0.0168253850555969 0.0220579112047492 0.289547084891649 92.4567887435977 92.6505541034514 91.2372568198427 298.078479572251 2.33724139826933 1509.09148661564 -179786.632634098 -177743.504873029
1100 0.0110000000000006 -0.00942451206619693 -0.0430566624345018 0.320693075806148 92.4907341384231 92.7241795167135 91.1450979745701 300.075289199508 2.33688894240176 1519.20079881157 -179795.73100602 -177840.344958132
1200 0.0120000000000006 0.0176955144317361 0.0343076320356213 0.384899735042975 92.5159758078297 92.7405385104981 91.0529391292975 299.189478808778 2.33820346150322 1514.7161781126 -179789.884029253 -177565.04479538
1300 0.0130000000000005 -0.0250172063125939 -0.00304344906305095 0.376487093862853 92.5732064532873 92.7909061457646 90.960780284025 299.448102776358 2.33785577656437 1516.0255219749 -179789.399517259 -177706.972502599
1400 0.0140000000000005 -0.00409385330849048 0.0103669935267166 0.440121545264327 92.5802525941278 92.8440540320792 90.8686214387524 298.328079044942 2.33870917254226 1510.35514187798 -179781.507396481 -177545.758520528
1500 0.0150000000000004 -0.00502788980933039 0.00405755108386552 0.443868008445389 92.5804671052461 92.9350982240957 90.7764625934798 299.977887019344 2.33878462695879 1518.70767766752 -179787.22118194 -177548.825658867
1600 0.0160000000000004 0.0222514149651078 0.00466089378063927 0.50727977995843 92.5806528041342 92.9948542630372 90.6843037482073 299.551180787034 2.33965237915279 1516.54737832827 -179781.935027453 -177397.672620049
1700 0.0170000000000003 -0.0120152040133824 -0.0121181106215379 0.508574465353614 92.6284171252971 93.0489350182118 90.5921449029347 297.524158963466 2.33946430699102 1506.28510987629 -179768.141824763 -177474.891372211
1800 0.0180000000000006 0.00315468586117146 0.0122103252730418 0.553365755405337 92.6562042372161 93.083451714909 90.4999860576621 299.371401480301 2.34027621560272 1515.6372038613 -179773.565992983 -177334.357109419
1900 0.0190000000000006 0.000795949941306042 0.00074298210472782 0.602301582346991 92.6748018170385 93.1515908231441 90.4078272123895 300.562994438053 2.34047842195639 1521.66991977771 -179775.455711422 -177273.283506276
2000 0.0200000000000005 -0.00212419118968554 0.00210377862529759 0.623267769816159 92.6638795358912 93.2171034431034 90.315668367117 298.535834338227 2.34149606696136 1511.40695127007 -179760.937315891 -177237.955530791
2100 0.0210000000000005 -0.0067049094548971 -0.0227971504718516 0.641837573051205 92.689870635314 93.2967487944996 90.2235095218444 301.061243004941 2.34123017772415 1524.19241879068 -179769.444694742 -177251.275270688
2200 0.0220000000000004 0.0208067839582422 0.0320186732390662 0.691180166941085 92.7054600075127 93.3246099965228 90.1313506765719 299.945266564721 2.3425304195231 1518.54252904481 -179759.664909542 -177034.081490546
2300 0.0230000000000004 -0.0268252132505378 0.00117651850610693 0.694517287513836 92.75810285709 93.3837251519521 90.0391918312993 300.795557558178 2.34211370459836 1522.84732455106 -179760.00076872 -177151.818385686
2400 0.0240000000000003 0.0133018126877615 -0.00576989164354309 0.799088122924382 92.7539393621335 93.4268063497338 89.9470329860267 298.434125180156 2.34353749437687 1510.89202505072 -179744.176120172 -176925.222765219
2500 0.0250000000000004 -0.0245325918413563 0.00371641069552005 0.744679991653634 92.7803938765939 93.5153950435014 89.8548741407541 299.503982211257 2.34305050785199 1516.30842458365 -179745.740924107 -177055.329446253
2600 0.0260000000000006 0.0127810259275072 0.0217100447276077 0.808728020166568 92.7665913508311 93.5744578265117 89.7627152954816 298.180132066136 2.34432444212541 1509.6061259594 -179735.110912611 -176858.55135898
2700 0.0270000000000005 0.0200099164085677 -0.0107085455101931 0.869573946373862 92.7866881768702 93.6416762160322 89.670556450209 298.576680106222 2.3445413560276 1511.61374245082 -179733.132620295 -176796.894494623
2800 0.0280000000000005 -0.000610864477923405 0.00110203167210707 0.866448319822069 92.8220100729563 93.6893693839927 89.5783976049364 299.600235277525 2.34486606400786 1516.79572807189 -179734.228036507 -176812.3500619
2900 0.0290000000000004 0.00701428589939953 0.0110217324751176 0.928824104133744 92.8351231545527 93.7256329958354 89.4862387596639 297.569219545242 2.34604134175233 1506.51323953005 -179719.732260548 -176679.375102422
3000 0.0300000000000004 -0.0143628245306351 -0.00752340388896245 0.939238866109312 92.869888741846 93.8065277513208 89.3940799143913 297.509888118083 2.34555634782808 1506.21286040928 -179715.089766065 -176722.525675868
3100 0.0310000000000003 0.0316662105005506 0.0247871073275985 1.00143307334073 92.8434129221765 93.8506327421593 89.3019210691187 297.679020686707 2.34754276311927 1507.06913329348 -179711.475631774 -176491.804204229
3200 0.0320000000000004 -0.0307974757061738 -0.0320409555969655 0.992342434897811 92.8803274997048 93.9506178075535 89.2097622238462 298.419155783377 2.34653402141653 1510.81623900514 -179710.461843971 -176694.233469027
3300 0.0330000000000006 0.0308780653964955 0.0262144284292472 1.05427370069572 92.8566132837963 93.9790533294573 89.1176033785736 296.134511956704 2.34884961018337 1499.24969936857 -179693.945064001 -176396.516144877
3400 0.0340000000000005 -0.0236898192770454 -0.0562324732638604 1.07307235286257 92.9131375825593 94.0659852507429 89.025444533301 299.797759573012 2.34767907912632 1517.79574066303 -179707.266426174 -176581.762781906
3500 0.0350000000000005 0.0508430797036177 0.0573929476559428 1.14072611513403 92.9009774829406 94.0750304756458 88.9332856880285 299.217810330288 2.35019353008197 1514.85961301598 -179698.923724577 -176164.411611095
3600 0.0360000000000004 -0.0514027198954623 -0.0187457610220929 1.07100621039234 92.9540601022447 94.1656610694005 88.8411268427559 297.393948234238 2.34902497107722 1505.62588783776 -179684.008415921 -176559.125773654
3700 0.0370000000000004 0.0484944777918164 -0.00760903066295462 1.24256872636622 92.9262965323993 94.2068277052182 88.7489679974833 296.937358218011 2.35113894256942 1503.31429490643 -179675.836864062 -176097.928772427
3800 0.0380000000000003 -0.00184268484922469 0.0359686609023139 1.17307909651653 92.9385557156915 94.2858527553404 88.6568091522108 297.032737277532 2.35130012202812 1503.79717353266 -179670.236211984 -176215.2291486
3900 0.0390000000000004 -0.0215733286773784 0.00483101144552548 1.18573762013459 92.9553159164345 94.3632255593174 88.5646503069382 297.015840812537 2.35139285602068 1503.71163125696 -179663.68499702 -176270.596579697
4000 0.0400000000000006 0.0476000897521383 0.00136301020106337 1.32739604606591 92.9474042228694 94.4007604520515 88.4724914616656 297.375225397021 2.35310658687787 1505.53109912879 -179658.871552295 -175930.434049616
4100 0.0410000000000005 -0.0384517028733466 -0.00431819575831122 1.24978837124075 92.9937997515185 94.4793518813979 88.380332616393 298.056283094379 2.35242661829267 1508.97911179463 -179655.50605571 -176196.552879185
4200 0.0420000000000005 0.0440509010144736 0.0642554017212054 1.33790777145995 92.9716802754412 94.5025897381237 88.2881737711205 299.451360341341 2.3548632481693 1516.0420141537 -179655.49660649 -175805.47048138
4300 0.0430000000000004 -0.0517219880118059 -0.0881023176080063 1.36361477250429 93.0150070118184 94.6093090193344 88.1960149258479 297.156781514967 2.353568047767 1504.42517627524 -179636.78608778 -176156.250029594
4400 0.0440000000000004 0.0463282768753408 0.0864382790208007 1.39400070222067 92.9769329338118 94.6401283472933 88.1038560805754 298.497216489033 2.35622718428676 1511.21143944536 -179636.283195111 -175662.512560353
4500 0.0450000000000003 -0.0194052545062875 -0.0217996063594331 1.39480200398743 93.0087109838018 94.7325048103885 88.0116972353028 298.855068968374 2.35558930198922 1513.0231506793 -179630.562786815 -175933.699421439
4600 0.0460000000000003 0.0134208557879648 -0.0437428004822233 1.50731207781478 93.0083339302491 94.7788179970162 87.9195383900302 298.997769178606 2.35691577474516 1513.7456036142 -179623.639803482 -175728.317711061
4700 0.0470000000000006 -0.0226373702515791 0.0450994183609555 1.42768755807128 93.0262424406693 94.8367094829707 87.8273795447576 299.577134697391 2.35749474975591 1516.67877602334 -179618.690775806 -175764.288847116
4800 0.0480000000000005 0.00531148277714738 0.000722874969509465 1.53692564313671 93.032015049466 94.8951214032622 87.7352206994851 298.800137995968 2.35837210339529 1512.74504988206 -179606.714212252 -175607.555737575
4900 0.0490000000000005 -0.00312729393331119 -0.022390750013787 1.56123247799479 93.0474044830856 94.9664039527733 87.6430618542125 299.520207163996 2.35868973894919 1516.39056717269 -179602.288928289 -175611.494117707
5000 0.0500000000000004 0.0113703012676478 0.0413818527801992 1.57385049679115 93.0362895787584 95.0127960267141 87.5509030089399 297.910641899487 2.36030162411729 1508.24176944228 -179585.922325108 -175458.623413942
5100 0.0510000000000004 -0.0205774109171177 -0.0165361435845832 1.61176477217935 93.0587245643556 95.1022944349309 87.4587441636674 297.982713393096 2.35999611343011 1508.60664810641 -179577.854885144 -175533.511930291
5200 0.0520000000000003 0.0289985167488163 0.00373877517905593 1.68845952438241 93.0376062985852 95.1446058278604 87.3665853183948 297.123575979567 2.36197096238685 1504.2570655453 -179564.987060194 -175291.321734323
5300 0.0530000000000003 -0.0355832257512219 0.00325227656798556 1.6395899371779 93.0691456197513 95.2293745597455 87.2744264731222 298.731158370208 2.3615598297944 1512.39582451653 -179564.357195707 -175465.429027103
5400 0.0540000000000006 0.0429240792992189 0.0115340183926257 1.76084673713782 93.0435324587936 95.2668870793826 87.1822676278497 298.104349075548 2.36377584139766 1509.22245698037 -179552.224232363 -175124.403792613
5500 0.0550000000000005 -0.0371052015574577 -0.0269433902541506 1.71473660846106 93.0803274507883 95.3543976925712 87.0901087825771 298.027959209182 2.36317102304334 1508.83571555186 -179542.77852541 -175379.332057891
5600 0.0560000000000005 0.00506337001503495 0.0703849211561119 1.7630082419368 93.0725506870053 95.3861335162143 86.9979499373045 299.18879918839 2.36508490142014 1514.71273737665 -179539.358334042 -175070.460968646
5700 0.0570000000000004 0.00328981637323891 -0.0354058330183084 1.82800943366982 93.0801808466681 95.4604019650039 86.905791092032 297.728057774071 2.36555702093857 1507.31739492973 -179522.565144386 -175130.033019035
5800 0.0580000000000004 -0.00655415670765423 -0.0149431110024816 1.85591733059187 93.0821768317439 95.5358363066472 86.8136322467594 297.878756294666 2.36614768099965 1508.08034116725 -179513.721052147 -175059.26620763
5900 0.0590000000000003 0.0107326699262874 0.0727516602847911 1.8693620335511 93.0623718014484 95.5816291973677 86.7214734014868 298.079216635565 2.36803120932505 1509.09521816974 -179504.859627203 -174861.673000727
6000 0.0600000000000003 -0.0288277230795999 -0.0597272271196199 1.89484790694103 93.087323446252 95.6819434998061 86.6293145562143 298.718475241982 2.36743032355877 1512.33161323614 -179498.038543022 -175086.080926417
6100 0.0610000000000006 0.0424192001815406 0.00805609569783735 1.98106153940462 93.0658931501656 95.7089895492888 86.5371557109417 299.108957737155 2.36982740762031 1514.30852149864 -179489.830529451 -174717.612728435
6200 0.0620000000000005 -0.0382691496814022 0.0267783228199516 1.90631544044353 93.099242896675 95.7836765281286 86.4449968656691 299.766224218176 2.36965488640213 1517.63608560984 -179482.755330641 -174926.229662573
6300 0.0630000000000005 0.0179303436335485 -0.0076596826267085 2.05133815413109 93.0884358320771 95.8293523285676 86.3528380203965 298.512246941199 2.37132846329868 1511.287534598 -179465.762758656 -174650.433282422
6400 0.0640000000000004 -0.0110880882781312 -0.042994881772288 2.05016144997365 93.0973965313993 95.9232837269284 86.260679175124 298.529076064917 2.37130910375848 1511.37273594285 -179455.146230561 -174744.727773076
6500 0.0650000000000004 -0.000310996818062184 0.0700056675816002 2.02044405538541 93.0674909541399 95.9738311031122 86.1685203298514 298.401660871148 2.37335740046484 1510.72766695143 -179443.505890865 -174585.876406564
6600 0.0660000000000003 -0.0132564702763202 -0.0631335153345493 2.12681366786772 93.0796615717197 96.0717320089464 86.0763614845789 298.490046691373 2.37316698987769 1511.1751406806 -179432.809241029 -174638.06383809
6700 0.0670000000000003 0.0290286476103826 0.00833369997649571 2.1715128272255 93.0606430234295 96.1128825556843 85.9842026393063 300.68982348694 2.37517873086136 1522.31202127462 -179432.693480551 -174376.061348001
6800 0.0680000000000006 -0.0180495732017187 0.022805198087201 2.12499138112674 93.0796143053369 96.1708229102673 85.8920437940337 298.527762096516 2.37581035755234 1511.36608367285 -179410.208464793 -174492.037597645
6900 0.0690000000000005 0.00163654352783134 -0.0429691179194973 2.22547991323655 93.0996559525529 96.230683677464 85.7998849487611 299.267024744083 2.37637110280678 1515.10877240844 -179402.238227161 -174394.128756249
7000 0.0700000000000005 0.0181863992550423 0.0282436784616473 2.26107535385493 93.0864838753095 96.2806027082693 85.7077261034886 299.180611870423 2.3780293802966 1514.67128717917 -179390.019006464 -174187.639771353
7100 0.0710000000000004 -0.0310872861214243 0.00730376630170148 2.23184933522449 93.0853581357454 96.3783766635569 85.615567258216 298.597854921245 2.37820285375765 1511.72094486653 -179375.007521393 -174334.754079137
7200 0.0720000000000004 0.0356445224362116 0.020753260739596 2.33913429228593 93.0420541624176 96.4405447627991 85.5234084129434 298.682390698077 2.38033821888902 1512.14892685743 -179363.260063046 -174026.438013628
7300 0.0730000000000003 -0.0381765397236817 -0.0473323502045637 2.30753865349025 93.0626382113705 96.5354157318061 85.4312495676709 295.660262451236 2.38003764035913 1496.8487011742 -179335.623031118 -174290.66454074
7400 0.0740000000000003 0.0176823881432012 0.0477100249556734 2.37189880403081 93.0480149456146 96.5558844724411 85.3390907223983 297.655615545353 2.38247715700681 1506.95063933306 -179333.152996281 -173938.350739091
7500 0.0750000000000006 0.00328216771662871 0.0113277414329962 2.40822925464441 93.0708418038971 96.6254012766345 85.2469318771257 299.938861069125 2.38275234517493 1518.51009973665 -179331.974072469 -173949.111938706
7600 0.0760000000000005 -0.00857645533377153 -0.0150962211412021 2.45159252229267 93.0642088420039 96.6885509257925 85.1547730318532 296.650258580158 2.38394306218924 1501.8607863542 -179302.385564987 -173930.003407012
7700 0.0770000000000005 -0.00558494172252863 -0.0123689690004403 2.49234403519621 93.0502982373735 96.7659645096155 85.0626141865806 299.536875848631 2.38497313122459 1516.47495625744 -179303.909253237 -173844.534989795
7800 0.0780000000000004 0.00378042369533307 -0.000286335033881035 2.5186636085315 93.0205079601709 96.8447982399501 84.970455341308 298.611522697938 2.38638035076545 1511.79014115832 -179285.995324648 -173757.559012604
7900 0.0790000000000004 -0.00425636548581808 0.0197187234265268 2.5261283989127 93.0102711333975 96.9297864894808 84.8782964960355 299.195693038356 2.38713947331807 1514.74763909217 -179275.496643313 -173714.44199362
8000 0.0800000000000003 0.0172911658266438 -0.00243472675625961 2.60316928717189 92.9979191369392 96.9843635845038 84.7861376507629 298.971188387127 2.38870661451161 1513.61103218796 -179260.712800353 -173581.841908968
8100 0.0810000000000003 -0.0332858811745796 -0.0536670416580514 2.61258262603641 93.0235159002368 97.0587599894579 84.6939788054903 299.000869329475 2.38881540478402 1513.76129884752 -179247.064942267 -173715.228181387
8200 0.0820000000000004 0.030539222044631 0.0461141184451477 2.66942066972273 93.0099187742708 97.0985485326789 84.6018199602178 300.909208434635 2.39078711565796 1523.4227084914 -179242.757686589 -173354.153191345
8300 0.0830000000000005 -0.00941919975631299 0.00612604292084771 2.65946139432151 93.0042014029729 97.1715121714726 84.5096611149452 298.856382177003 2.39174418139009 1513.02979910278 -179218.315810164 -173484.70873508
8400 0.0840000000000005 -0.0135737109209985 -0.0389126373515573 2.72422400532513 92.9876851887367 97.2594988437789 84.4175022696726 298.70403105875 2.39261407500028 1512.25848620605 -179203.248231894 -173447.216585221
8500 0.0850000000000004 0.0329799159821242 0.0362647047396057 2.77850921694193 92.9425678396988 97.3228169032036 84.3253434244 299.054362770695 2.39483258754855 1514.03212180949 -179190.54748719 -173157.34941074
8600 0.0860000000000004 -0.0230245696939696 -0.0131143677059158 2.74970661709463 92.9541193029662 97.4148695191247 84.2331845791275 297.793157351028 2.39488961947229 1507.64697664763 -179169.514279464 -173355.746991849
8700 0.0870000000000003 0.0351719854384154 0.0227103068998939 2.86281861198217 92.9345518144197 97.4484504856999 84.1410257338549 300.894208787518 2.39719115558125 1523.34676929647 -179170.409095708 -173016.695246889
8800 0.0880000000000003 -0.0254852771655692 -0.0354067900594811 2.86052588392848 92.9492959716199 97.5300130796579 84.0488668885824 298.213449392252 2.39743237370362 1509.77480265578 -179141.880964482 -173194.120768587
8900 0.0890000000000004 -0.0108205626184885 0.00506183669427572 2.89928109542426 92.9288749251335 97.5978355525176 83.9567080433098 299.836802618205 2.39892322130387 1517.99340514118 -179134.935542507 -173032.974961646
9000 0.0900000000000005 0.0170630517873371 0.0260358003749815 2.96545973074516 92.8978528360962 97.6659120422269 83.8645491980372 300.100889239258 2.40068684347409 1519.33040495455 -179120.94888027 -172838.910392329
9100 0.0910000000000005 -0.00413663931976864 -0.0227325677118746 2.98813766514931 92.8818068481644 97.7515598336173 83.7723903527646 299.247826415047 2.40163694755905 1515.01157641178 -179101.242751819 -172900.240416337
9200 0.0920000000000004 -0.0161802196661452 -0.0145060869232721 3.00189156888543 92.8704260091614 97.835134204184 83.6802315074921 298.857559969992 2.40252247799641 1513.03576195315 -179083.650278424 -172870.632466682
9300 0.0930000000000004 0.0329439797051994 0.0360893325695966 3.07387554830376 92.8470470102372 97.8882599125284 83.5880726622195 300.470816793801 2.40447131201179 1521.20324905932 -179076.007587237 -172587.243543756
9400 0.0940000000000003 -0.019213772811444 0.00207692742035513 3.06289321643906 92.8454666614655 97.9665640633634 83.4959138169469 299.518313986421 2.40524219111882 1516.38098252181 -179055.292967196 -172726.449563091
9500 0.0950000000000003 0.0113269268182787 -0.00226441348700648 3.1388433737748 92.8278443170526 98.023589012742 83.4037549716744 301.499826720531 2.40695597560831 1526.4128506458 -179049.252417204 -172552.516753935
9600 0.0960000000000004 -0.00169894034204527 -0.00140625901253554 3.17906620001492 92.8227321455043 98.1071946196702 83.3115961264018 302.268563921194 2.40769768922769 1530.30476114745 -179036.858677698 -172493.478845723
9700 0.0970000000000005 -0.0137123536480475 0.00150254437184291 3.19168692746163 92.80133059184 98.1721884767101 83.2194372811292 299.97761489452 2.40932376778302 1518.70629997244 -179008.846017276 -172474.90177764
9800 0.0980000000000005 0.0275035060099089 0.016815829537996 3.2860088792224 92.7634833472405 98.2331893770197 83.1272784358567 300.66188294582 2.41148053266353 1522.17056580022 -178995.791782451 -172225.132356301
9900 0.0990000000000004 -0.0232635858565484 -0.035399551088738 3.29564334671699 92.7582422138557 98.3436363686733 83.0351195905841 299.939494427695 2.41158196364917 1518.51330626141 -178975.447914588 -172355.773728797
10000 0.1 0.026753840583883 0.0499715717358939 3.34974791161074 92.7168694445128 98.3908901965435 82.9429607453115 301.607786032885 2.41417880199022 1526.95941972186 -178967.031712506 -172046.097331235
10100 0.101 -0.0161759306606774 -0.0432705762702188 3.37103803731418 92.7186223322694 98.4854331365642 82.850801900039 302.150496656816 2.41449844445172 1529.70701821822 -178952.853973152 -172210.70974319
10200 0.102 0.014626329273234 0.045070758596371 3.43405492823919 92.6854857993011 98.5303913830732 82.7586430547664 301.901074824999 2.41694805020519 1528.44426230403 -178934.494577157 -171912.466392545
10300 0.103 -0.0312739439244698 -0.0121735464707156 3.47290323042302 92.6897603874823 98.618615061317 82.6664842094938 300.989535194944 2.41736644334316 1523.82938135925 -178912.701658942 -171997.321292471
10400 0.104000000000001 0.0219402285070244 -0.0220171593522402 3.54324551633854 92.6602552254157 98.6863720131066 82.5743253642212 301.43957054326 2.41917288322251 1526.10778976295 -178897.78776409 -171805.517049042
10500 0.105 -0.0145999220316051 0.0578610374017104 3.5575842552172 92.6256258226045 98.7518812151212 82.4821665189487 300.149149345941 2.42117411776601 1519.57473294577 -178873.914584943 -171702.244853524
10600 0.106 -0.0139029849507709 -0.0390687375379409 3.62504564309763 92.6115465086085 98.8639315896089 82.3900076736761 301.135867616335 2.42150326133508 1524.57022320618 -178861.496543961 -171730.754777133
10700 0.107 0.0612488091443292 0.0269478104249087 3.72004241713666 92.5633607807835 98.9115286547725 82.2978488284035 302.668797637042 2.42430972516451 1532.33103722786 -178851.783267455 -171349.551629604
10800 0.108 -0.0515777417419715 -0.00915957031120273 3.68239829876564 92.5650461120264 99.0011824374954 82.205689983131 301.634365206158 2.42478553754404 1527.09398295556 -178829.097353232 -171625.701740949
10900 0.109 0.00888781015686158 0.0293992180582156 3.7813372127568 92.5360116425648 99.0609224078711 82.1135311378584 303.582255194327 2.42680422340505 1536.9556281244 -178821.42234511 -171302.873128425
11000 0.11 -0.000595614947432965 7.65257964624433e-05 3.83630266632602 92.5102647649189 99.1473809723414 82.0213722925858 301.312306916933 2.4280879507382 1525.46348811688 -178792.52298757 -171263.33596884
11100 0.111000000000001 -0.0269089493247108 0.0245823968446525 3.83507144672295 92.4824347615979 99.2402058782088 81.9292134473133 304.139275244405 2.42927633022411 1539.77567141184 -178789.416886035 -171253.608434258
11200 0.112 -0.00201871957633928 0.0155308715577237 3.91703335128093 92.4384382771682 99.3128933634828 81.8370546020407 303.260050761499 2.43138868260499 1535.32439339981 -178767.537171499 -171088.520698068
11300 0.113 0.0156866342263373 -0.0324357106457155 3.98913381169704 92.4114814281205 99.3948001213102 81.7448957567681 302.342792309642 2.43283342514477 1530.68055959232 -178745.393867162 -171009.311131532
11400 0.114 -0.0028564741791533 0.0512314704595921 4.01337648929374 92.3821114677093 99.4542683232667 81.6527369114956 301.569996097512 2.43489679600291 1526.76809940302 -178723.73355663 -170857.337191186
11500 0.115 -0.012633313700013 -0.0245624517585184 4.0726821745803 92.3710515966954 99.5459514729116 81.560578066223 302.46304850535 2.43569458371089 1531.28938449446 -178710.060481861 -170882.200718829
11600 0.116 0.00568809711909342 0.0176862068993981 4.14812115348326 92.3393195692308 99.6009774014952 81.4684192209504 302.529332703033 2.43794023950984 1531.62496362974 -178691.953776424 -170657.538911078
11700 0.117 -0.02105061356313 0.0260648995525079 4.16695567517338 92.3182441213453 99.6812418279846 81.3762603756779 303.298149043938 2.43929267650264 1535.51727479724 -178676.824011835 -170641.382954233
11800 0.118 0.0247387463942561 -0.0147708344346141 4.27736754225292 92.2796620481121 99.7548355116907 81.2841015304053 304.685686988954 2.44127696677045 1542.54200769035 -178664.455736875 -170447.679943816
11900 0.119 -0.0164324727267879 -0.0104929869072397 4.29584553147021 92.2398384265483 99.8485249950583 81.1919426851327 304.488772055294 2.44280890955382 1541.54508013489 -178643.706683726 -170460.763229998
12000 0.12 -0.00922948147565535 0.052294957707148 4.3767430681785 92.1924377254379 99.9067852684074 81.0997838398602 303.828573509968 2.44541535810902 1538.20267176762 -178620.168288598 -170213.150529451
12100 0.121 0.00547761597121017 -0.0429777596722915 4.4847042302844 92.1687846627049 99.9890237314825 81.0076249945876 304.466632667479 2.44681157819286 1541.43299434555 -178602.951844532 -170154.072244213
12200 0.122 -0.00315307046576005 -0.00761690631645149 4.50746137090618 92.1472111923691 100.042676252759 80.915466149315 305.21263761427 2.4488578603689 1545.20981753584 -178586.195292885 -170062.510772945
12300 0.123 -0.00836963839951527 0.0532626662661828 4.53190163317355 92.120892570508 100.081120536843 80.8233073040425 306.703389565424 2.45140857619607 1552.75709529091 -178572.972255063 -169924.817664544
12400 0.124 0.00879022014493335 -0.0435548080709568 4.63766141986228 92.1081021003134 100.14241098004 80.7311484587699 305.905727200361 2.45304552420218 1548.71874443097 -178548.251881007 -169868.431338457
12500 0.125 -0.00406377614699681 0.0256110116714418 4.62939567392159 92.0837715111808 100.165172983745 80.6389896134973 307.819216729662 2.45593966885678 1558.40622929248 -178537.214444315 -169781.761562045
12600 0.126 -0.0143004905154682 -0.0177342957214932 4.70999692806939 92.0723755629778 100.194736500157 80.5468307682247 308.823585775955 2.45832842205643 1563.49108070261 -178521.636538991 -169726.322197647
12700 0.127 0.0133796814802097 -0.0133514385484006 4.69935030852996 92.0578381928546 100.180999629845 80.4546719229522 311.344108681172 2.46187055652639 1576.25181292165 -178513.853658135 -169683.122986369
12800 0.128 -0.00548602153890048 -0.0245663477621334 4.76124611037888 92.0647272468005 100.142851784837 80.3625130776796 311.050232165765 2.46544818964551 1574.7639948539 -178492.080253066 -169624.322270644
12900 0.129 -0.0140880030197876 -0.0050534002598908 4.61616890190762 92.1070707341352 100.047392270682 80.270354232407 315.007583603816 2.4694980749169 1594.79900500719 -178492.198040368 -169822.839381052
13000 0.13 0.0525208773237409 -0.0218489176087411 4.6502164041099 92.1609115192519 99.8691005465492 80.1781953871345 317.179187977364 2.47530339976696 1605.79325617595 -178484.349118151 -169691.833812454
13100 0.131 -0.0317738292571765 -0.064281661741338 4.44486106875614 92.2618836195776 99.6502492275993 80.0860365418619 323.816379747878 2.48087628901001 1639.39558000118 -178500.077578795 -170198.816087557
13200 0.132 0.0200985983008232 -0.0197788679980025 4.27717254617407 92.3163884065957 99.3092013920965 79.9938776965893 327.728298919224 2.49079262176091 1659.20057875948 -178504.447012158 -170318.711502121
13300 0.133 -0.0124296278655577 -0.184465347991125 3.98401756526554 92.3828818704241 98.9410941977806 79.9017188513168 334.254052885094 2.501141594237 1692.23872283408 -178524.892130178 -171078.226365626
13400 0.134 -0.0119345950232349 -0.0742592632382865 3.56636133848517 92.3962355191701 98.4585329983141 79.8095600060442 342.421118962773 2.51593873255797 1733.58639042195 -178556.998572395 -171566.495585807
13500 0.135 -0.075858600113794 -0.0873320793688553 3.1153860959394 92.3607826385414 97.9503369584767 79.7174011607716 345.774876309223 2.53288775697989 1750.5655653928 -178569.892982816 -172389.771788687
13600 0.136 -0.0746982226130149 -0.103160558654409 2.72405222897149 92.2253581757364 97.5122821950563 79.6252423154991 343.715696526801 2.55095135532091 1740.14048981028 -178556.823755581 -173023.356787585
13700 0.137 -0.0702472588289971 -0.0015711890523826 2.43205335014024 91.99672771002 97.2241756539065 79.5330834702265 338.64845042765 2.56784110013253 1714.48638032948 -178530.105936057 -173322.46271371
13800 0.138 -0.0703371691225323 0.0835870747814829 2.19991805544515 91.7380413927324 97.1609762797466 79.4409246249539 332.146622835909 2.57974625958669 1681.56936907721 -178496.517160001 -173554.566544607
13900 0.139 0.0432990761483432 0.0507725837914691 2.24429182916837 91.5392831012833 97.3008428124061 79.3487657796814 326.60864097444 2.58462969996217 1653.53205054228 -178467.901887135 -173376.062497815
14000 0.14 0.103942386673249 0.0264645040066114 2.3706020575411 91.5364986382171 97.5334282575465 79.2566069344088 330.262929034332 2.58154294281077 1672.03273200288 -178485.41535768 -173131.525809942
14100 0.141 0.1153120573194 0.0699810558304395 2.79825480599752 91.767809818966 97.7427673899405 79.1644480891362 335.800229855025 2.57251211881862 1700.06660261081 -178512.441100131 -172404.729668987
14200 0.142 0.113065680844985 0.0968323875204765 3.37357066809068 92.1293212524583 97.9474418453046 79.0722892438637 332.250820417443 2.5600434346345 1682.09689351791 -178492.219504094 -171490.420796424
14300 0.143 0.066951434352247 0.0340668610760304 3.98483446528108 92.4562925601004 98.1891521862875 78.9801303985911 327.541514192335 2.54767945218602 1658.25493772702 -178462.600781112 -170709.412910286
14400 0.144 -0.00365543033584961 0.100817784081569 4.42878546921661 92.6453531838823 98.4236885560361 78.8879715533185 318.941233608752 2.53938499019383 1614.71402115426 -178408.223430711 -170020.027144908
14500 0.145 -0.0442404236149142 0.0545477484778072 4.73871612898648 92.6979637775259 98.6674758990553 78.795812708046 315.269848908121 2.53463404217636 1596.12678398181 -178375.602154522 -169658.818570336
14600 0.146 -0.0306404292838311 0.00339329415365801 4.85206077089684 92.6339382313306 98.8499966452286 78.7036538627734 315.027299951285 2.53466713278849 1594.8988235924 -178358.333675308 -169529.233160281
14700 0.147 -0.0142997378628237 -0.00921930772476238 4.93477842645725 92.502949582703 98.9452254984239 78.6114950175008 312.677969440444 2.53878624189782 1583.0047926035 -178329.908247954 -169395.034817384
14800 0.148 -0.0498043086278824 -0.0111377619895835 4.7485411365828 92.3564013212868 98.9571556165065 78.5193361722282 314.076217893257 2.54549231562185 1590.08374992824 -178320.319425172 -169731.659853617
14900 0.149 0.011260683404538 -0.0621000246612889 4.63843056095361 92.2209446370273 98.8396859741378 78.4271773269557 318.720869866699 2.55526006407745 1613.59837856386 -178328.348789222 -169891.668127183
15000 0.15 0.0026844783952025 -0.0944240780519031 4.38080130478164 92.1628652263844 98.6254356000972 78.3350184816831 328.034992602304 2.56543941508915 1660.75328671344 -178362.088208906 -170347.564264135
15100 0.151 -0.0412421722132098 -0.0293101575241379 4.12251328640467 92.129159363433 98.3219127466649 78.2428596364105 334.849536256286 2.57733263856911 1695.25349561195 -178386.103104047 -170716.016460704
15200 0.152 -0.0661429910298854 -0.0829440366124999 3.95034573623724 92.0811517954303 98.0436617226469 78.150700791138 338.021137748275 2.58904424804064 1711.31046429136 -178393.912917478 -171102.798263719
15300 0.153 -0.0821877490653857 0.0375931087035425 3.66793585600752 91.9154347376721 97.8562031776856 78.0585419458654 338.305345120816 2.60174886542956 1712.74933007916 -178388.549632842 -171383.129727427
15400 0.154 -0.090949671629296 0.0558278854447583 3.51588306235424 91.6814890863742 97.8425250613777 77.9663831005928 335.504180448257 2.61183608183038 1698.56778377621 -178368.974389163 -171605.641308261
15500 0.155 0.00113452017306297 0.00165862348381109 3.31746687886724 91.4655914940465 97.9275968770175 77.8742242553203 336.20904701071 2.61882234347109 1702.13633434761 -178367.832067767 -171847.35995091
15600 0.156 0.0584346880090156 0.0279383235306047 3.36638133780466 91.3962491851375 98.0509870955133 77.7820654100477 335.421669602738 2.62061245707521 1698.15005347007 -178359.411591597 -171654.073705467
15700 0.157 0.0662756392851387 0.0141399019986063 3.89249296255589 91.5388361158661 98.2012337809945 77.6899065647751 334.698463249871 2.61562624192539 1694.48865345306 -178350.344155125 -170883.356309654
15800 0.158 0.0722387191766924 0.0440395679779463 4.5988698414716 91.7937144978373 98.3447000827972 77.5977477195026 332.228174925076 2.60765177254523 1681.9822454568 -178329.934175085 -169776.053224054
15900 0.159 0.0579275951689314 0.0278814618036194 5.13486918069396 92.0493576251746 98.4839031267605 77.50558887423 326.404986323711 2.59982179821942 1652.50100160489 -178288.668593116 -169004.589544983
16000 0.16 -0.00995155191377229 0.00988333405865747 5.36020413181252 92.2182352152538 98.6032522298817 77.4134300289574 322.790602189057 2.59500535582136 1634.20234302748 -178255.062575169 -168770.880294865
16100 0.161 -0.0521384107314393 0.0302960540968143 5.52855384503813 92.2794657770588 98.6738781013456 77.3212711836848 321.473400362072 2.59451604736502 1627.53370305686 -178231.362528823 -168537.6663569
16200 0.162 -0.0255998310346498 -0.0409064718727882 5.62218722302057 92.2330323823392 98.7082019691892 77.2291123384123 321.948790604192 2.59801613495629 1629.94047649529 -178215.887842904 -168459.018577869
16300 0.163 -0.0194826845795136 -0.0317281151765626 5.4773046485953 92.1035927710584 98.6569242313984 77.1369534931397 329.379782246885 2.60612948591022 1667.56159641375 -178236.064418832 -168655.846292793
16400 0.164 -0.0706922995679968 -0.0359565452138539 5.15845161213036 91.9448615528257 98.4969693246312 77.0447946478671 336.010754186706 2.61799602320329 1701.13243090248 -178254.756187691 -169220.172540901
16500 0.165 -0.0409947556825959 -0.0267348387360855 4.82826347432553 91.7350058804089 98.2822234025633 76.9526358025946 339.537159771844 2.63286777819246 1718.9856776532 -178260.919486033 -169670.337873289
16600 0.166 -0.0534349257581783 0.0659974357170944 4.55954147489966 91.508880521849 98.1788539231584 76.860476957322 339.426857553445 2.64532075728616 1718.4272470715 -178250.619730829 -169963.653788337
16700 0.167 0.0122003509884465 0.0271216895842902 4.75461633828482 91.3282521487137 98.2928737262952 76.7683181120494 339.844698013363 2.65065625598288 1720.54266138028 -178243.276252672 -169649.358579312
16800 0.168 0.0314004132653481 0.0412150779462622 5.05978256492517 91.2987891911263 98.4863938153708 76.6761592667769 338.153147733796 2.64948223042535 1711.97879548248 -178223.851431843 -169149.965684984
16900 0.169 0.0236998987507364 0.0156841167535527 5.55744436238277 91.4020031995234 98.6451848505754 76.5840004215043 334.778849063899 2.64540982513139 1694.89562529406 -178193.617817794 -168458.278202821
17000 0.17 0.0318117529159478 -0.039615528760921 5.90738177152395 91.543441251582 98.7359925346824 76.4918415762317 337.065092674875 2.64207272774642 1706.47026420997 -178189.467600747 -167996.916151734
17100 0.171 0.0449924569264931 0.00707972191629836 6.38902942398891 91.6698355044005 98.738331678186 76.3996827309592 333.7988878857 2.64154992622666 1689.9343443812 -178154.877574848 -167198.089038403
17200 0.172 -0.0292255073574201 -0.0328032495144285 6.72581146986304 91.8025483152923 98.6962788902124 76.3075238856866 333.582399585225 2.64204212898265 1688.83832211328 -178133.560022754 -166859.280832222
17300 0.173 -0.0335435519923589 0.0129965687753172 6.78031634385345 91.8504350818986 98.6068007178326 76.215365040414 336.836251491998 2.64625684947175 1705.31170260779 -178128.246815717 -166714.910103036
17400 0.174 -0.0341640776860674 0.0328833564944978 6.72288257713583 91.7692366562032 98.5768868760881 76.1232061951415 340.602825659965 2.65260953058278 1724.38085855203 -178126.528413769 -166772.054986881
17500 0.175 -0.0603668657591902 -0.00689943230289862 6.88722102644482 91.6023750133992 98.6344048492878 76.0310473498689 342.064762396825 2.65911108222209 1731.78225259676 -178113.549231019 -166634.653661216
17600 0.176 -0.0217843846062032 0.0242495257866369 7.06792411375376 91.3784222455229 98.6908435593765 75.9388885045963 342.26594278034 2.66733683792739 1732.80077498211 -178094.14562579 -166287.472010205
17700 0.177 -0.0261998357024991 0.00289251785522247 7.01235454727567 91.1812605500282 98.7715483751362 75.8467296593238 345.298337763012 2.67416562503861 1748.15297839838 -178089.18370061 -166408.482625647
17800 0.178 0.033346240142313 0.025388375124098 7.22377716984518 91.0819801128804 98.8351332372602 75.7545708140512 348.131399185815 2.67861291072598 1762.49600940266 -178082.906591983 -165987.986055888
17900 0.179 0.0405006706552732 0.038124781546923 7.67362490193617 91.1466848549294 98.9097382327442 75.6624119687786 346.312099155532 2.67795024646127 1753.28538074124 -178051.573693264 -165296.677212442
18000 0.18 0.0362653432023222 0.0227816701597891 8.36395287312311 91.2834801322357 98.9789344601748 75.5702531235061 344.366854011087 2.67532640150752 1743.43712570762 -178016.460408663 -164307.794066776
18100 0.181 -0.00103897287635643 -0.0248124477620633 8.96360367824305 91.4116698437498 99.0323255425583 75.4780942782335 342.12667587142 2.67339461685805 1732.09570393196 -177976.13490401 -163538.407959077
18200 0.182 -0.0268267250735707 0.0144760412045288 9.34382551424208 91.471731765367 98.9905274723371 75.3859354329609 342.92568433959 2.67603474269686 1736.14086975132 -177948.290960337 -162959.902390167
18300 0.183 -0.0295595933708196 0.0199608375148762 9.48191640643666 91.4394810628793 98.9195336941382 75.2937765876883 347.870309387972 2.68217877389265 1761.17418170234 -177940.788870404 -162758.161668059
18400 0.184 -0.0529234442304562 -0.0189817342168249 9.57132509755462 91.2860753699071 98.9537591993626 75.2016177424158 350.647377632145 2.68904827357371 1775.23373424382 -177922.570326495 -162721.866836057
18500 0.185 -0.0106214964324662 0.04982041779934 9.86125431842252 91.0853133977738 99.0461918238023 75.1094588971432 352.777195659623 2.69576383676953 1786.01643233703 -177900.777647946 -162157.37046312
18600 0.186 0.00905565577409061 0.0270102023093853 10.3555443869247 91.035549367898 99.1716805327134 75.0173000518706 354.549158144621 2.6971338273496 1794.98740368843 -177875.293842782 -161437.937117714
18700 0.187 0.010244196238918 -0.0456846424637264 11.03920193886 91.0841291115554 99.2479826860526 74.9251412065981 352.589367923995 2.69693604075087 1785.06551083074 -177827.931299275 -160536.80348192
18800 0.188 0.00752011439374883 0.00991129223993261 11.63873474236 91.0853088379106 99.2806823834369 74.8329823613255 352.160889637904 2.69933305523833 1782.89624005793 -177784.742935502 -159591.027539504
18900 0.189 0.00106412203641035 -0.0306888119263654 11.9890145613134 91.0758346141885 99.2822290252943 74.7408235160529 357.330511356784 2.70290049511148 1809.0686498749 -177767.92068991 -159143.344912504
19000 0.19 0.0224907775829769 0.0268998434288389 12.5058541094412 91.086327814861 99.2649220293494 74.6486646707804 355.710593914868 2.70639743150923 1800.86744184363 -177714.791738625 -158283.42493863
19100 0.191 -0.0254505223106204 0.0535212345757118 13.1216665809611 91.0917085668451 99.3151012870702 74.5565058255078 356.809323537521 2.70821370458842 1806.4300155726 -177672.584929976 -157413.232812229
19200 0.192 0.00553532613987348 -0.00749424933057193 13.8481509868707 91.0893795257819 99.3813813564234 74.4643469802352 357.326778984677 2.70982632465414 1809.04975387483 -177624.042833298 -156396.304478906
19300 0.193 -0.0293906082456271 -0.00410100927889568 14.4830386978693 91.1047168669531 99.416117724242 74.3721881349627 357.868414159922 2.71177962822262 1811.7919076626 -177572.310297048 -155510.247188418
19400 0.194 -0.0232905147035183 0.0227728406903053 14.8469377349167 91.0205783405002 99.4901996553521 74.2800292896901 359.985519461044 2.71563036466959 1822.51024462802 -177526.360030539 -154926.885586011
19500 0.195 -0.0280019534310516 -0.0372001964860486 15.2498471951038 90.9328277263727 99.5594375216536 74.1878704444175 363.825465439741 2.71973493463132 1841.95086239361 -177487.217693415 -154427.040975317
19600 0.196 0.0283190312936699 0.00639937675407047 15.9615918265187 90.9211977495439 99.5793361157975 74.095711599145 361.941568701244 2.72292179010084 1832.41319790402 -177416.885112395 -153258.228557579
19700 0.197 -0.00107296900453921 -0.0152990440456296 16.805912021391 90.9649642360431 99.6230845966664 74.0035527538724 361.906755116158 2.7238043431773 1832.23694604931 -177351.907430233 -152093.899511427
19800 0.198 -0.00176542231529805 -0.0460140248021277 17.8354706329507 91.0276807203732 99.648670237686 73.9113939085998 362.182634031671 2.72462186485987 1833.63364709038 -177283.515135872 -150638.877026034
19900 0.199 -0.0186515563079877 0.0233908418563487 18.555160535664 91.0493502279393 99.6823083872204 73.8192350633273 364.617840246193 2.72645376574121 1845.96244376085 -177221.716046722 -149505.034913752
20000 0.2 -0.025883602244894 0.0295940287270237 19.1836932366882 91.0452112902199 99.734778996515 73.7270762180547 363.118856313721 2.72854968365129 1838.37348968971 -177136.044356293 -148572.816365339
20100 0.201 0.0566824833657905 -0.0215065330743939 19.8020120181669 90.9836064967523 99.7968825327931 73.6349173727821 364.611274509323 2.73211319552319 1845.92920319404 -177063.129950741 -147623.342878076
20200 0.202 0.0439746705360096 -0.0428329536425298 20.3383302879661 90.9320545830428 99.8753079587178 73.5427585275096 365.848826975507 2.7349384956343 1852.19459978905 -176986.515395708 -146871.004812316
20300 0.203 -0.0338417876287798 0.0511637252542743 21.0733308633252 90.9453099065674 99.9217967267338 73.450599682237 365.586833785032 2.73669707312099 1850.86819845386 -176898.944137338 -145759.766934121
20400 0.204 0.0315406522926769 -0.019439688658558 22.2551791948051 91.0014758689048 99.9425530226188 73.3584408369644 366.119168363594 2.73787520159865 1853.56326581227 -176810.315523441 -144047.782582514
20500 0.205 0.00659440657434727 -0.0629476415375553 23.3084271447167 91.0721268903504 99.9963713955082 73.2662819916918 363.793555908785 2.73771819446102 1841.78931298697 -176701.056124632 -142581.464615176
20600 0.206 -0.0566768727074539 0.0734026270972454 23.8409947167842 91.0823094454908 100.005313764475 73.1741231464193 366.876596251297 2.74061466856676 1857.39792029218 -176614.501777952 -141673.564037236
20700 0.207 0.0097622677173108 -0.0126704955946288 24.3391782144888 91.0385839815446 100.087375468343 73.0819643011467 366.422378730376 2.7431376971081 1855.09833866899 -176508.309778128 -140937.105503747
20800 0.208 0.0122292130740614 0.0335978915571234 25.2731972753358 91.0452658808875 100.164997928302 72.9898054558741 367.111809429947 2.74427136778572 1858.58874160189 -176404.748734723 -139483.011105849
20900 0.209 -0.0410298983017018 0.0809898257468613 26.0920381948918 91.101422098402 100.185870692829 72.8976466106016 364.610344346297 2.74547487824257 1845.92449402783 -176279.826807092 -138260.767456163
21000 0.21 -0.0388393592506958 -0.0794558868609242 26.6672928086771 91.1226278066555 100.256152782947 72.805487765329 365.866571817066 2.74638380287626 1852.28443716801 -176169.848907279 -137579.362123799
21100 0.211 0.00714617991749729 0.0482979708511831 27.0566084981388 91.1263753325052 100.276895391205 72.7133289200564 367.577879961525 2.74918276218692 1860.94833184261 -176059.875143422 -136719.771848088
21200 0.212 0.0754464972634084 0.00751774387109785 27.2128763647946 91.1574310321009 100.299421521333 72.6211700747839 372.006537799648 2.7511157783484 1883.36944003612 -175963.031528475 -136372.954846412
21300 0.213 0.0285034011033442 0.035875950236875 26.4786389352134 91.2280629843934 100.272277632816 72.5290112295113 377.100213583389 2.75322386281206 1909.15735592946 -175871.433156966 -137323.598683628
21400 0.214 0.0588235593664225 -0.0679042542824871 25.4752203944278 91.3768077230055 100.213258497017 72.4368523842387 380.695157379393 2.7538601361789 1927.35759328036 -175778.117689323 -138706.675062329
21500 0.215 0.125241167535764 0.0255733440704621 24.6955044705524 91.5973263561222 100.085752545631 72.3446935389662 377.362647263568 2.75423427164137 1910.48598734601 -175655.619213834 -139461.07833425
21600 0.216 0.0767015774760364 -0.0538187561589392 24.9308195130825 91.9224646285287 99.974232057538 72.2525346936936 368.0321071893 2.75105828280771 1863.247962609 -175503.49321269 -139168.267382043
21700 0.217 0.0212099739787486 -0.0170147825691693 25.7534254639661 92.2080646972466 99.8661879689384 72.160375848421 365.987713215396 2.74901082091134 1852.89774361388 -175383.53661006 -137921.596298312
21800 0.218 -0.0606375291628739 0.0264011527086351 26.2873367889528 92.3495801149377 99.7991302823632 72.0682170031484 367.350904549168 2.75015490236535 1859.79921613674 -175275.947013507 -137137.219701461
21900 0.219 -0.110887859582882 0.151904713425959 26.8276467574022 92.2675561202224 99.9005230131337 71.9760581578759 370.361870798064 2.75332689779832 1875.04293161468 -175175.246791703 -136213.409864742
22000 0.22 -0.0349697043061757 0.0618730063171948 27.5801830293625 91.9962759714442 100.1552277747 71.8838993126033 376.363606047877 2.75795463264535 1905.4281093149 -175088.21942707 -135140.693427617
22100 0.221 -0.0064338671149245 0.0335791736222144 28.4054547390311 91.8411680413528 100.361918554923 71.7917404673308 380.480933865016 2.76046204349692 1926.27303701771 -174986.75790849 -133916.431099005
22200 0.222 0.0890121224710388 -0.00552348477425824 28.8004602374044 91.7905340785964 100.471340560212 71.6995816220582 378.023029278855 2.76252298523536 1913.82932457255 -174848.456823571 -133198.854064219
22300 0.223 0.0626202681661347 0.0253085827621946 29.2563501456101 91.8762955256366 100.5060512985 71.6074227767856 371.629269956864 2.76254197427387 1881.45943401845 -174688.385043151 -132438.151521656
22400 0.224 0.0583198284409291 -0.0168010827105601 29.9643505960739 92.003667558051 100.520766341829 71.515263931513 370.338558809359 2.76186813090818 1874.92490926116 -174549.873837358 -131385.957123846
22500 0.225 0.0919071344389981 -0.0890476329994746 30.6335770447403 92.2055777158222 100.4672975152 71.4231050862405 366.29842751557 2.76084468114899 1854.47080687506 -174393.54897351 -130366.779099309
22600 0.226 0.108565445998891 -0.0139093992403322 31.2290614652213 92.4749642675916 100.342253492094 71.3309462409679 366.044761364786 2.75979362983592 1853.186563111 -174252.971024673 -129264.993854457
22700 0.227 0.0470659017024604 -0.0175109164257158 31.1543412016883 92.7534643928451 100.243815495257 71.2387873956953 366.184911155936 2.75777206968753 1853.89610395735 -174112.180387359 -129284.55827889
22800 0.228 -0.0879593239791706 0.102646555563942 31.5186524430053 92.9039593443227 100.197440042161 71.1466285504228 365.668190333854 2.75814720896664 1851.28008486506 -173966.383563253 -128665.72879447
22900 0.229 0.00995487015044989 0.0093760723834161 31.8592129953358 92.8479301831477 100.333697961253 71.0544697051502 371.973677326692 2.75963832121785 1883.20307626489 -173853.527657522 -128069.031435917
23000 0.23 -0.0356726723742693 0.0175352451715407 32.5350261396275 92.792897542758 100.457477413107 70.9623108598776 374.089294671185 2.761454305264 1893.91388010451 -173717.539249054 -127072.689015344
23100 0.231 0.0152221720371922 0.0113395786513446 32.6426775313909 92.6847608106161 100.637959308271 70.8701520146051 371.908668073362 2.76330673724154 1882.87395183131 -173557.596611782 -126744.256002675
23200 0.232 0.0749533513670628 -0.0380510434681893 32.6628079580799 92.7318520599379 100.751348071967 70.7779931693325 370.346889737934 2.76238731741406 1874.96708652068 -173400.065978971 -126537.756669684
23300 0.233 0.0748839330216123 0.0110581611153286 32.5406267877975 92.9030755798724 100.781325824681 70.6858343240599 369.604663102953 2.76006981754405 1871.20939191087 -173246.589254463 -126450.974250749
23400 0.234 0.0953872625794489 -0.0810865590663498 32.5138891919734 93.1936388334747 100.755141897813 70.5936754787874 373.778172103327 2.75577231497619 1892.33874989342 -173119.821225006 -126368.69121356
23500 0.235 0.0901977433466939 0.00359338211501495 31.9491923770051 93.5002811560112 100.697953052506 70.5015166335148 385.425759129015 2.7518869993408 1951.30736260677 -173031.797947352 -126828.44480567
23600 0.236 0.0605384833084766 -0.013345446788083 31.1260209511446 93.8178749565456 100.647393079166 70.4093577882422 399.088470992193 2.74754054686728 2020.47801251881 -172959.915894997 -127820.458382006
23700 0.237 0.186288668410559 -0.0657169671771892 29.5605409072675 94.1977583519545 100.591271022555 70.3171989429697 418.662357936777 2.7415753673641 2119.57535825956 -172928.362440757 -129664.36272664
23800 0.238 0.401675293663501 -0.119207211157425 27.3157279415225 94.7512907199548 100.438833676496 70.2250400976971 451.378887211859 2.73327811453096 2285.21038119543 -172982.201122602 -132323.803359471
23900 0.239 0.685854412846249 -0.212944814047061 24.4787318720032 95.5431876694867 100.220119637155 70.1328812524245 508.848942139826 2.72010889409885 2576.16587302289 -173194.544862887 -135757.058434724
24000 0.24 0.95837380353929 -0.0924491094916963 21.5960374217722 96.5810365497626 99.9754873842936 70.0407224071519 563.673439485537 2.70101257749476 2853.72761555835 -173440.485091109 -138982.027276098
24100 0.241 0.984883986455908 -0.0721413445471565 18.6858592066453 97.7290554812916 99.8127594645693 69.9485635618794 590.672962063075 2.67715829636316 2990.41896517513 -173580.876967185 -142768.861843454
24200 0.242 0.765879709120034 -0.0280203117803993 16.2993794267789 98.7718634880897 99.6932252424679 69.8564047166068 617.393084582184 2.65556839585825 3125.69578714758 -173728.470081816 -146220.583623187
24300 0.243 0.682254870144106 -0.0498391802180384 14.442028770997 99.6818931083699 99.649413460893 69.7642458713343 633.950905099452 2.63595922130188 3209.5235965734 -173828.855106142 -148885.633312057
24400 0.244 0.486850940216461 0.0403165530760375 12.967700288745 100.46937801912 99.6434055024624 69.6720870260617 646.129920724976 2.61891570382572 3271.18268991758 -173910.889852643 -151056.757059591
24500 0.245 0.426924787827048 -0.0492199234673748 11.9799508209039 101.161042089564 99.6539015692309 69.5799281807891 655.618281544368 2.60418023440343 3319.21971880685 -173983.597424182 -152630.212011887
24600 0.246 0.402469583899518 0.00925021529598417 11.3569149288466 101.769216461929 99.6202616155263 69.4877693355165 658.932241691009 2.59292608240175 3335.99741121677 -174028.229671928 -153443.111983179
24700 0.247 0.18953421242115 0.0347551701838717 10.7898134295197 102.321680081447 99.6289716908203 69.395610490244 653.203303715976 2.58212524927778 3306.99333303615 -174028.672983701 -154510.940221902
24800 0.248 0.231862896976756 -0.00175917532502518 10.2586304336181 102.750080063018 99.6437791009287 69.3034516449714 655.819889865688 2.57439623211326 3320.24040772666 -174072.472733032 -155268.391780396
24900 0.249 0.208452952794398 0.0459368097974503 9.94654884734621 103.141812606007 99.6748962463315 69.2112927996988 661.162496419577 2.56723190994389 3347.28859342051 -174131.837912369 -155683.537933556
25000 0.25 0.148389562009123 -0.00561391203017773 9.57062434511315 103.571713630762 99.7194225797782 69.1191339544263 656.07901111563 2.5588416472861 3321.55226919633 -174142.938026212 -156394.955984956
25100 0.251 0.152631922432453 -0.0758203142138053 9.13441884222202 103.931703866715 99.7022968604556 69.0269751091537 659.301137122253 2.55382164004259 3337.86502995778 -174197.505537792 -157152.145750803
25200 0.252 0.14772206578441 0.0198306737207143 8.62309032000038 104.338069236378 99.6746696039164 68.9348162638811 654.989141390205 2.54798221581624 3316.03455075346 -174217.759251323 -157790.137822508
25300 0.253 0.0921430466681835 -0.02128215635946 8.3594484154467 104.680690761911 99.637471410413 68.8426574186086 653.909399914133 2.54399182752448 3310.5681089237 -174255.829157086 -158351.402805051
25400 0.254 0.158618355477634 -0.025583168955515 8.20264784386854 105.041147698199 99.6035862918208 68.750498573336 649.156122621265 2.5395240461959 3286.50353939663 -174277.574370383 -158516.665087361
25500 0.255 0.120968166143076 -0.112402070655417 8.10845368037783 105.360921597903 99.5655970056973 68.6583397280634 646.035998019363 2.53618222979032 3270.70718442103 -174307.499921776 -158873.612224587
25600 0.256 0.131778852624554 -0.0455564264107277 7.92948274643594 105.63380189886 99.4981769334155 68.5661808827909 649.349946182567 2.53474701967491 3287.48481616201 -174370.678891264 -159065.030322302
25700 0.257 0.0313893047535519 0.0130149360179558 7.7840804671689 105.878797400309 99.4635447120214 68.4740220375183 644.67568949444 2.53316713358664 3263.82030678707 -174394.003807592 -159385.404038499
25800 0.258 0.0314486995334373 0.000653563585088835 7.72283657397802 106.075220346285 99.4155345613817 68.3818631922457 635.501397818069 2.5331067431247 3217.37332582954 -174395.033000678 -159542.94092981
25900 0.259 -0.0360286139716073 -0.0144722105276435 7.51613308011072 106.244404367566 99.4132609764699 68.2897043469732 635.175036492423 2.53254398570112 3215.72104587025 -174440.877663218 -160021.99503478
26000 0.26 0.0301349814774409 -0.0387468378115575 7.51791283093311 106.389899894683 99.3987219545218 68.1975455017006 628.274072288693 2.53286866130358 3180.78331288049 -174454.100959031 -160006.069892759
26100 0.261 0.104803228531179 0.0730890954432851 7.43286081020346 106.492011329208 99.3703557996722 68.105386656428 625.102964461349 2.53458743769262 3164.72884349293 -174485.88129601 -159909.425796474
26200 0.262 0.00704582477611378 -0.0411880935971148 7.35156834957058 106.674562862924 99.3970025117311 68.0132278111554 624.221998918098 2.53299929879512 3160.26875095881 -174529.131414953 -160390.0777286
26300 0.263 0.057698403676578 0.0350858969503455 7.43423086915435 106.807497295128 99.3712491108468 67.9210689658829 620.205192017648 2.53393584601213 3139.93273372755 -174555.883539273 -160126.880457268
26400 0.264 0.0194767079854774 -0.00965437557584763 7.43560537945644 106.976729059668 99.3641689220888 67.8289101206103 616.285510653684 2.53354520388321 3120.08843706751 -174582.559659797 -160294.044546995
26500 0.265 0.0476995113033139 0.0105157478648306 7.43369185415273 107.11692386406 99.3787796342885 67.7367512753378 612.509435388563 2.5332992830843 3100.97117961374 -174609.445030388 -160269.235346426
26600 0.266 -0.0149167125928846 0.00995092406692368 7.48872403179582 107.269999112178 99.3921234492673 67.6445924300652 606.195354280803 2.53279059508876 3069.00467851243 -174623.171676456 -160324.898453558
26700 0.267 0.0380152113967622 -0.00119301018402285 7.54736703367926 107.3972427569 99.3884026807053 67.5524335847926 605.074371027853 2.53333587726559 3063.32944061504 -174661.751727409 -160220.907979729
26800 0.268 0.0410614567353111 -0.00889686823318439 7.62348910161633 107.503323659359 99.3878986133232 67.46027473952 595.752360860462 2.53430634054372 3016.13460051138 -174657.526045121 -160161.066711294
26900 0.269 0.0393419356410598 -0.0429370381985741 7.67630531435138 107.591389031899 99.4262145315244 67.3681158942475 592.0645662941 2.53471885139188 2997.46428458495 -174681.044876691 -160179.550626442
27000 0.27 -0.00394285774225716 0.024387061126263 7.70654136429283 107.708939164832 99.4507473172025 67.2759570489749 587.255596052774 2.53479552279928 2973.11775658002 -174697.791631414 -160139.616924941
27100 0.271 0.0551193645237222 0.0158934397827711 7.77592070779085 107.754191415817 99.4498021492581 67.1837982037023 583.858251631955 2.53723075382913 2955.91791192865 -174720.203774688 -160010.683085829
27200 0.272 0.0126466248642016 -0.0481208982168437 7.84052479890251 107.88602260318 99.4883644878726 67.0916393584298 577.048452094786 2.53662774159303 2921.4417212226 -174724.483007698 -160109.394156215
27300 0.273 0.0640538775989335 -0.000176623844566567 7.84731626771171 107.98356600429 99.4797884852354 66.9994805131572 575.201671319892 2.53804116398981 2912.09196491333 -174752.556647395 -159994.393171655
27400 0.274 -0.0822233816840652 -0.0101125843457014 7.82165773815809 108.107185577396 99.4914397962969 66.9073216678846 571.642755612147 2.53833356845013 2894.07412812133 -174770.583551499 -160304.102471392
27500 0.275 0.076438322124008 -0.0216936812346474 8.02217196511076 108.159848265181 99.4888534381972 66.8151628226121 563.371804567122 2.5406631534542 2852.20051877465 -174763.694399044 -159829.753114565
27600 0.276 -0.0097313779686247 0.0155704174706767 8.02315268538207 108.247418069192 99.5415568877937 66.7230039773395 560.726540776613 2.54076822438107 2838.80825687155 -174784.015809916 -159935.651202479
27700 0.277 0.0257791113123148 -0.0775533322772787 8.04465823299722 108.323154593226 99.5653571644937 66.6308451320669 559.900067272434 2.54189577094009 2834.62404293279 -174812.14718304 -160027.279064579
27800 0.278 0.0308190931177188 -0.0731004316396732 8.09451576297791 108.431416582641 99.5728597209237 66.5386862867944 554.017709828205 2.54268336405933 2804.84324308084 -174813.54103718 -159973.447358688
27900 0.279 0.0404827288403077 0.0515716947914612 8.13962128223029 108.552750621726 99.5448802999804 66.4465274415218 547.100705365204 2.54407883522106 2769.82430255559 -174808.696347402 -159742.16883856
28000 0.28 0.03618489704385 0.00106260379126856 8.17663927858955 108.704767572881 99.5429317618876 66.3543685962492 544.009485198902 2.54409939790139 2754.17428299391 -174821.903157339 -159797.698428151
28100 0.281 0.0257618461669532 -0.00783029640122671 8.3095119110986 108.807518102784 99.5721614434775 66.2622097509767 539.468913771927 2.54448480544595 2731.18658628178 -174826.864893144 -159657.899351357
28200 0.282 0.00756070490629374 -0.000523466676356232 8.27572751212737 108.863509192298 99.6078837532194 66.1700509057041 537.681006682623 2.54580481661692 2722.13489167035 -174844.262178739 -159757.494410802
28300 0.283 0.0133816007191914 0.00959864988510757 8.43028968878324 108.917977668934 99.6503060435607 66.0778920604315 530.238233283124 2.54699580372518 2684.45412387352 -174832.45304716 -159534.734177075
28400 0.284 0.0224028867338016 0.0543449268473291 8.41633606298114 109.004702047327 99.6348815484858 65.9857332151589 529.070961122708 2.54891837232602 2678.54453763847 -174851.027658253 -159509.369932169
28500 0.285 0.0250381609816319 -0.0520642016885404 8.33475750090472 109.099015687788 99.6572421772533 65.8935743698864 527.25421456288 2.54970450960298 2669.34683651388 -174866.04356379 -159813.761501903
28600 0.286 0.0389467335633661 0.0400213345755753 8.34868367304824 109.152212530444 99.7077122033309 65.8014155246138 521.253475093607 2.55073936360851 2638.96670018377 -174858.88544372 -159663.334932328
28700 0.287 -0.0216556214056178 0.002234723283908 8.3411471065158 109.241625894348 99.7245712262034 65.7092566793412 519.04022387192 2.55179468226516 2627.76160218011 -174870.382450371 -159848.98594702
28800 0.288 -0.0201561247973418 -0.0742491605407443 8.33936921111675 109.359806504186 99.7118565328625 65.6170978340687 515.441947907294 2.55294266710034 2609.54449495216 -174874.087772876 -159990.752909713
28900 0.289 0.0309367449781237 0.0593437945210542 8.31611927530375 109.465572623429 99.6462292622795 65.5249389887961 514.49558688163 2.55574528277534 2604.75332261009 -174890.885545296 -159785.744692299
29000 0.29 -0.0616442395783292 -0.0426200986309879 8.33360575253697 109.617748283056 99.6913092176027 65.4327801435235 507.726045348351 2.55463622350667 2570.48094739259 -174877.567204384 -160064.673499283
29100 0.291 0.001050836901601 -0.0390072623560773 8.40581934515811 109.696860673094 99.7123746327412 65.340621298251 506.796887880686 2.55585432984564 2565.77687205581 -174892.592325423 -159884.263503153
29200 0.292 0.0218009381514577 -0.0498996671880307 8.50949505036859 109.791299733578 99.7070894086195 65.2484624529784 504.266160537082 2.55739827614517 2552.96447749899 -174898.191275621 -159741.470629443
29300 0.293 -0.0396010759439734 -0.0204823713789767 8.51461684087405 109.89436521593 99.704486272091 65.1563036077058 504.355411761302 2.55868045840369 2553.41633253674 -174916.444690587 -159805.487644329
29400 0.294 0.00147028656909218 0.0304912368998546 8.57803919340068 109.9916683329 99.7092196609831 65.0641447624333 500.105875224467 2.55991640252593 2531.90206750492 -174911.808821007 -159597.624364304
29500 0.295 0.0178858772034021 0.064752443877515 8.49646667975587 110.0675913921 99.7395881105666 64.9719859171607 496.09792302654 2.56099918717643 2511.61087926036 -174907.981903056 -159665.340894653
29600 0.296 0.0372132998660268 0.00869085475507414 8.55318465338544 110.127486185117 99.8044864459976 64.8798270718881 492.71152140125 2.56157538643191 2494.46643505116 -174906.95459049 -159654.673279977
29700 0.297 -0.00614791782788849 0.00300495849533194 8.61544735795104 110.265074127449 99.800228747642 64.7876682266156 490.618422179041 2.56212760355504 2483.86963443205 -174911.571274492 -159653.033723178
29800 0.298 0.00115598345255773 -0.0143876333453861 8.57934543565676 110.397033433184 99.7902027459048 64.695509381343 488.242201521429 2.56296792162815 2471.83946583394 -174913.867027395 -159740.040333551
29900 0.299 0.0469828536145171 0.0432735202184327 8.65025146200289 110.49156718964 99.782970090027 64.6033505360704 484.79010345405 2.56461402310354 2454.36241813858 -174909.779531682 -159503.154028338
30000 0.3 0.0125978154958737 -0.000988364432390023 8.63170306184891 110.613789309025 99.8093824756745 64.5111916907979 483.724782196801 2.56476106457273 2448.96898201353 -174916.906703552 -159660.439414182
30100 0.301 0.0161502743726303 -0.0316852674645651 8.72922142842284 110.71923454062 99.7825689892105 64.4190328455253 483.382593372903 2.56667369413571 2447.23657167079 -174926.752247497 -159577.360186854
30200 0.302 0.000767536916114846 0.00876327494469255 8.66114377242286 110.852430928363 99.8134382914312 64.3268740002527 477.571947861759 2.56646845648126 2417.81883012436 -174908.570174822 -159651.255838062
30300 0.303 0.0337071080916921 0.00454579340597215 8.733161393382 110.96303604259 99.8310068554298 64.2347151549802 475.873355280701 2.56713690826501 2409.21931094075 -174910.97209748 -159516.464469039
30400 0.304 0.00949738285255413 -0.000468912989743964 8.68949012662641 111.123315413456 99.8405525573735 64.1425563097076 474.700646583364 2.56687183754826 2403.28220097571 -174914.952524075 -159632.967721724
30500 0.305 -0.0351153029543788 -0.0228488831085439 8.75405278681065 111.297522597188 99.8278746915071 64.050397464435 475.07512337559 2.56686757409581 2405.17807665213 -174926.526695081 -159646.222393254
30600 0.306 0.0398260858382288 0.0578890314038481 8.71786696215574 111.400436124918 99.8310038784129 63.9582386191624 471.269579440593 2.56811100025896 2385.91162721744 -174915.801605701 -159484.165395738
30700 0.307 0.00749286400587179 0.0309326733966862 8.83112429283947 111.459601358753 99.8918872565426 63.8660797738899 468.72202806942 2.5688849390774 2373.01405711621 -174910.976337145 -159416.328011865
30800 0.308 -0.000442276093513781 -0.0461625759498937 8.71553377649035 111.573893724733 99.9759207245551 63.7739209286173 465.141088823931 2.56780177433225 2354.88472105273 -174900.553039929 -159715.423277099
30900 0.309 0.0801736749441057 0.0467943159768038 8.8521653296698 111.653810195508 99.9572889070492 63.6817620833447 464.958454851861 2.57015625294067 2353.96009417992 -174906.945322487 -159275.803605753
31000 0.31 -0.00706549020222178 0.00976983872692589 8.72344235380585 111.807481340921 100.002407101677 63.5896032380722 462.922720809898 2.56918384244512 2343.65371810021 -174903.144746771 -159651.509619666
31100 0.311 0.0304884632265476 0.0376707435855982 8.74949502372665 111.933484537631 99.9953154105104 63.4974443927996 460.811654399895 2.57019864728041 2332.96595442272 -174898.796949337 -159527.638839352
31200 0.312 0.00768290802958684 0.00938203481887104 8.77340695016074 112.09853712656 100.007578642888 63.405285547527 458.796439920694 2.5698294109837 2322.76346339207 -174894.585408499 -159571.955284715
31300 0.313 0.0364884663215254 -0.00295374717763902 8.72060349655224 112.239524505822 100.013741973975 63.3131267022545 458.603550111383 2.57017893120272 2321.78691396285 -174899.671210081 -159633.510566722
31400 0.314 0.0313474373620952 0.0392696753298543 8.70675114981386 112.367168916835 100.01607593011 63.2209678569819 453.708332898223 2.57094167938874 2297.00374064516 -174880.081450933 -159608.205227349
31500 0.315 0.0259705261293807 -0.00586907948031279 8.87005041671898 112.517976930324 100.030418251837 63.1288090117093 456.700691131144 2.57087534755976 2312.15324872332 -174899.679396244 -159445.595733932
31600 0.316 -0.00478865401660954 0.00521074672833119 8.9833747580086 112.630867576207 100.036990792973 63.0366501664368 451.059859585662 2.57188437827228 2283.59522979174 -174874.050174888 -159315.303462353
31700 0.317 0.0368556709858755 0.0103903137405762 8.94303026323207 112.720094197678 100.037079185726 62.9444913211642 453.412637753558 2.57360884935693 2295.50671534468 -174888.628543816 -159317.297445324
31800 0.318 -0.0181503710063563 -0.0521786854301077 9.06594343207899 112.860539120742 100.066924284621 62.8523324758916 450.214148045485 2.57340739435856 2279.31361883061 -174874.227444548 -159310.16680529
31900 0.319 -0.000178068153825455 0.0285874778053693 9.05992531713114 113.018005783843 100.037104631739 62.7601736306191 448.545280452615 2.57436264902059 2270.86458929885 -174867.23658914 -159179.675628585
32000 0.32 0.0295139995621389 -0.0244662680041224 8.95988962389514 113.17475301852 100.046190136819 62.6680147853465 448.997269753405 2.57434393081394 2273.15289004046 -174870.445724799 -159362.666177267
32100 0.321 0.0140412453914725 0.0363284099303861 8.96686633572368 113.296895901548 100.034270622384 62.5758559400739 446.66222362903 2.57566274024055 2261.33117707344 -174859.618319484 -159293.269840718
32200 0.322 -0.0162752113123044 -0.0361978543804064 8.90784418951692 113.411950254232 100.079943202455 62.4836970948014 447.884813362714 2.57566886467784 2267.52082136233 -174866.418859955 -159532.744953835
32300 0.323 0.0542492232972396 0.0224883877675824 9.11200467549491 113.498328144265 100.116380494439 62.3915382495288 441.15778642938 2.57657220656555 2233.46368617466 -174832.385939133 -159045.631450186
32400 0.324 0.0234368612347231 0.023407496243294 9.02699230064194 113.63908705411 100.124550505324 62.2993794042562 443.595999168729 2.57697722036024 2245.80770407487 -174844.281118132 -159216.770594215
32500 0.325 0.0923545068723686 -0.0528242435235739 9.0768132345035 113.780626547635 100.139152602062 62.2072205589836 443.203310231624 2.57720867887354 2243.81962518798 -174841.760948621 -159154.75868783
32600 0.326 0.0356364505549622 -0.0267258036755606 8.99471688007725 113.967281274044 100.122368692093 62.1150617137111 440.446722892708 2.57723719587954 2229.86376198297 -174827.210712471 -159320.524945788
32700 0.327 0.0257497726131541 -0.0229546066505103 9.01860125548877 114.110876671839 100.120965238264 62.0229028684385 442.571567831681 2.57785483125594 2240.62128266136 -174837.235429998 -159296.777295427
32800 0.328 0.0251654455112932 -0.0263711492098782 8.87704098224639 114.275262596125 100.124423483643 61.9307440231659 442.363836077489 2.57788809870687 2239.56959244139 -174836.030915206 -159511.387546523
32900 0.329 0.0288207952032198 -0.0334100423349566 8.87542910609747 114.426021770518 100.121324639919 61.8385851778934 442.681957823326 2.57840826587324 2241.18015761549 -174837.469460874 -159521.218245637
33000 0.33 0.00501653729714821 -0.0316761721666035 8.92779858476619 114.592890855408 100.140778152831 61.7464263326208 440.221624796071 2.57799547574077 2228.72415062365 -174824.486196939 -159473.931257832
33100 0.331 0.0294651698796753 0.0174042287765141 8.93852928621039 114.729107770429 100.149385744447 61.6542674873482 439.548827752042 2.57856193381056 2225.31795943259 -174820.235731092 -159351.783331434
33200 0.332 0.0649930164640036 0.000944757119852697 8.94320150607021 114.824112472069 100.182600532543 61.5621086420757 438.522939449194 2.57942990353188 2220.12416179155 -174814.114831711 -159320.334187394
33300 0.333 0.0502113628038897 0.0267414441674031 8.9611439411789 114.960545547174 100.20524300462 61.4699497968031 440.386716547382 2.57964827344171 2229.55996593233 -174822.502480867 -159277.748654449
33400 0.334 0.0348604999112953 0.00827231996168885 9.00396670465429 115.148250003828 100.200390017569 61.3777909515305 435.918091180659 2.579435114822 2206.93651284886 -174798.273012519 -159261.778047137
33500 0.335 0.00810089294344986 -0.02579233937413 8.97401940544659 115.343281186117 100.219626063583 61.285632106258 436.763521258453 2.57845090104572 2211.21669884134 -174800.368479732 -159388.294816479
33600 0.336 0.0445733600354413 0.0175753359926153 9.03659214828937 115.48066722029 100.209675611097 61.1934732609854 435.744882940745 2.57951804799318 2206.05960593279 -174792.397668302 -159181.124789432
33700 0.337 0.000628991808474267 -0.000250938940627444 9.0725003641917 115.631928306606 100.256087088686 61.1013144157128 433.148744011611 2.57883492958856 2192.91605004224 -174775.599310899 -159212.032341243
33800 0.338 0.0775683264697217 0.0114630592710651 9.18779171642162 115.748002514745 100.254637916274 61.0091555704403 430.920946646164 2.58017773714034 2181.63730880965 -174760.37624708 -158914.650794393
33900 0.339 0.0436241874179165 0.00217764096172221 9.22644379398591 115.959833215904 100.226952168394 60.9169967251677 433.657068211763 2.58007318702787 2195.48955928716 -174769.995549551 -158916.606717384
34000 0.34 -0.0121505247703287 -0.0140431150946886 9.02597830371658 116.128959158638 100.217504105662 60.8248378798951 433.670694945158 2.58046242360595 2195.55854778773 -174765.56342436 -159315.436731424
34100 0.341 0.0765086810355637 0.0275037543089053 9.17825305875235 116.283394520759 100.204229792953 60.7326790346225 432.501510040847 2.58128775365537 2189.63927784275 -174754.676305065 -158898.811971848
34200 0.342 -0.00177599326699199 0.020106824073443 9.17439400535926 116.440637480821 100.195170261802 60.64052018935 428.041491983472 2.58195301713898 2167.0594012606 -174726.694482849 -159028.727470732
34300 0.343 0.0136110417191021 0.026149094607267 9.16270598288611 116.571032817486 100.268576647535 60.5483613440774 430.069333567692 2.58109938330434 2177.32581994116 -174731.838059777 -159004.78654032
34400 0.344 0.0674175608372048 0.0303465375086467 9.1164934340959 116.709422107328 100.29417666134 60.4562024988048 428.747218316342 2.58130971217389 2170.63230461929 -174719.497843216 -158982.883609565
34500 0.345 0.0545766544715569 -0.0228487122925342 9.05163472099481 116.876209730274 100.326689934516 60.3640436535323 425.395171800991 2.58072475679947 2153.66179112795 -174696.851091411 -159166.890252421
34600 0.346 0.0877412198997346 0.0455794202087994 9.21529111748923 117.017653491135 100.331082063295 60.2718848082597 425.407600332156 2.58143361690009 2153.72471345163 -174690.491576036 -158773.63831851
34700 0.347 -0.0172676357793331 0.0670589100494351 9.11879993583829 117.18389260885 100.350710914344 60.1797259629871 426.339265355834 2.58121414208992 2158.44148387272 -174688.714257033 -159031.024736317
34800 0.348 0.0790523416495835 0.0127034715085031 9.15992717965202 117.306031707567 100.363335804229 60.0875671177146 427.904568459538 2.58215652089187 2166.36619414085 -174690.107554496 -158907.125598124
34900 0.349 0.0349780234924212 -0.00089369537961352 9.22617495886147 117.483506872374 100.399870796408 59.995408272442 426.700055431074 2.58127661389769 2160.26806736772 -174677.56558967 -158883.41323849
35000 0.35 0.0126059454583164 0.0372134567534173 9.16872293368665 117.654398458893 100.392575103079 59.9032494271694 426.167834244567 2.58168036892686 2157.57357408291 -174668.224865255 -158940.309524303
35100 0.351 0.033416782178661 -0.000426545636008282 9.17238652165465 117.834687249156 100.390509315337 59.8110905818969 427.410892218722 2.58175533488848 2163.86684358984 -174668.088429776 -158953.653951156
35200 0.352 0.0727959020104096 0.0455393080543871 9.22229472356109 117.989470716693 100.370385610959 59.7189317366243 425.988021331438 2.58286519147701 2156.66322947575 -174654.252070677 -158753.833041483
35300 0.353 -0.0260763804744819 0.0299184571114149 9.18325435108995 118.201604243844 100.391387240918 59.6267728913517 428.051979043376 2.58167449279118 2167.1124944354 -174658.047445242 -158966.852987294
35400 0.354 0.0772182301004383 0.00546257294710082 9.08099927710323 118.31113192082 100.428725373502 59.5346140460792 428.329364863409 2.58231675319378 2168.51682453035 -174652.590447923 -158997.817312613
35500 0.355 0.0484222602688136 -0.0686484989033512 9.19405902484696 118.481103387023 100.475046105049 59.4424552008066 428.146670236396 2.58141941534131 2167.59189057782 -174645.279646037 -158971.796424278
35600 0.356 -0.0123327135980216 0.0744660185363473 9.04956431904581 118.685986747083 100.438629447824 59.350296355534 426.399141406071 2.58190049568172 2158.74462027423 -174630.214479387 -159059.55457804
35700 0.357 0.0720186278547086 -0.0192669226993011 9.11220028213116 118.865094322312 100.459613028477 59.2581375102615 427.599982195883 2.58148007771174 2164.82415548686 -174629.529384616 -158972.205447841
35800 0.358 0.0321592786407834 0.036728715493716 9.08223601294569 119.006011335121 100.460288512738 59.1659786649889 426.890022359756 2.58242217550865 2161.22981903534 -174619.420308953 -158990.962841082
35900 0.359 0.0390145744332391 -0.0391187839464976 9.07836358000755 119.169689006293 100.510286264569 59.0738198197163 425.868966955868 2.58161363125583 2156.060489067 -174607.483269795 -159087.241921006
36000 0.36 0.0572613611329145 -0.0381325087214209 9.24043196020163 119.359191192786 100.508851541068 58.9816609744438 424.639040804229 2.5815791159986 2149.83370245944 -174594.040454874 -158812.948292042
36100 0.361 -0.00101341601224524 -0.00856198395108534 9.19994556241672 119.508692987807 100.525159370226 58.8895021291712 424.372138914674 2.58196568299871 2148.48244969585 -174584.661860688 -158908.804038197
36200 0.362 0.0912002099456956 -0.0220650916517118 9.18236092438585 119.633313178422 100.580081486818 58.7973432838986 424.169897437092 2.58190821079083 2147.4585552755 -174575.548353452 -158810.439663315
36300 0.363 0.0408884896856506 0.0279889488729953 9.20764213288921 119.798543992505 100.575600965143 58.705184438626 425.035837765279 2.5825098258041 2151.84257917102 -174571.623620178 -158768.478679146
36400 0.364 0.108333483708805 -0.0487074170308475 9.20480368732303 119.987211795079 100.581211104413 58.6130255933535 427.007205412052 2.582359209685 2161.82308543569 -174573.715821266 -158777.586543628
36500 0.365 0.0101487498239123 -0.037560924547447 9.18815293947968 120.195000361499 100.580847636789 58.5208667480809 425.631605405504 2.58196393226408 2154.85879112686 -174558.639249658 -158920.007677527
36600 0.366 0.0283488429592767 -0.0470842832709763 9.24599522883196 120.365698595589 100.596024055245 58.4287079028083 425.520438812848 2.58197941915792 2154.29598444986 -174550.094230946 -158814.197008654
36700 0.367 -0.0099942932855065 0.0209622364977452 9.18205547157592 120.529861921854 100.615785534987 58.3365490575358 423.277405966265 2.58202890464169 2142.94011005787 -174530.282840141 -158856.393331997
36800 0.368 0.0270816302102154 0.0182867022217024 9.23974237076736 120.669888090499 100.639131158663 58.2443902122632 424.436392300148 2.58251423429363 2148.80774737297 -174527.794493196 -158715.065021638
36900 0.369 0.00341906264934726 -0.0144917027802638 9.18983901562448 120.823299223985 100.673309402171 58.1522313669906 427.041242105568 2.58244568443224 2161.99540409651 -174532.119810885 -158862.339906258
37000 0.37 0.0345218726374121 0.00636234754786327 9.24470059642153 120.942806824892 100.677821615423 58.0600725217181 424.796451925293 2.58387314370438 2150.63063279482 -174511.852626974 -158703.789057664
37100 0.371 0.0472430325350914 0.0127901684544261 9.27718947496105 121.165712494292 100.665115230508 57.9679136764455 422.536093475838 2.58354606833059 2139.18704351703 -174491.605248086 -158617.296583297
37200 0.372 0.0236426365748496 0.0389494557119968 9.16664491060017 121.370800340161 100.672489470626 57.8757548311729 423.47108458049 2.58309823866595 2143.92065299504 -174487.335400861 -158764.787119588
37300 0.373 0.054589019835558 -0.02484969947619 9.19160841326794 121.526458951247 100.690604309738 57.7835959859004 423.408955729719 2.58343928385556 2143.60611126795 -174478.102473652 -158769.266928401
37400 0.374 0.0256955682791855 0.020892373017151 9.2097739088727 121.70511894858 100.687934419718 57.6914371406278 420.372987891401 2.58383621522421 2128.23581944071 -174453.641603293 -158710.760020118
37500 0.375 0.0664735170440686 -0.0361892810086354 9.12503603697256 121.855434434715 100.726670241123 57.5992782953552 423.031218764467 2.58378393537295 2141.69373020891 -174458.383560822 -158850.387792789
37600 0.376 0.0257808347758566 -0.0355654049509608 9.205227136863 122.064520634146 100.701921139936 57.5071194500827 425.991868631617 2.58412665302434 2156.68270732587 -174464.533407499 -158784.32769756
37700 0.377 -0.00115651162090574 0.051100361401583 9.17577241120466 122.255074808663 100.707850369706 57.4149606048101 424.150417069901 2.58408813864886 2147.35993139522 -174446.899558476 -158731.291583991
37800 0.378 0.0486439338623948 -0.0216247770655973 9.19728570811707 122.386180142296 100.757405278109 57.3228017595375 425.957033333795 2.58419838835908 2156.5063455454 -174447.166814884 -158725.066938378
37900 0.379 0.0350245069769057 0.0402956717080341 9.26869070923423 122.529861182228 100.802592549893 57.230642914265 423.403494718566 2.5841656383517 2143.57846363149 -174425.099441902 -158539.70932462
38000 0.38 0.0661486570965524 -0.0278995933208912 9.06435489653069 122.717095461458 100.836488954677 57.1384840689924 422.151873520056 2.58351577894629 2137.24184081374 -174409.994082701 -158882.599450903
38100 0.381 0.00981360277964577 0.0256084998783427 9.13761871792556 122.949654133123 100.811256714626 57.0463252237198 424.171008514313 2.58344132222789 2147.46418036181 -174411.651560639 -158770.031346641
38200 0.382 0.00191023765723743 0.022226090184734 8.99464805941685 123.110597158279 100.851429971939 56.9541663784472 424.288803029311 2.58320943060204 2148.060542434 -174403.602589018 -158987.116550723
38300 0.383 0.0466232032907325 0.0356122386490236 9.09753167011143 123.250430111466 100.864551667773 56.8620075331747 422.157804669817 2.58412442444339 2137.27186863602 -174383.737762782 -158745.984774241
38400 0.384 0.0868170317838448 -0.0191417193044666 9.02904257309815 123.423345869115 100.887786042914 56.7698486879021 424.797329460573 2.58409795069596 2150.63507552085 -174387.797450932 -158858.682862648
38500 0.385 0.0452606668007641 -0.0113121932076413 9.08847848205597 123.665313549331 100.866734130706 56.6776898426295 426.180269548517 2.58377452979512 2157.63653069538 -174386.188333563 -158810.582772074
38600 0.386 0.0153445143399775 -0.000158487444762887 9.13120653696444 123.889415007962 100.859986159438 56.585530997357 422.454268630262 2.5834741078865 2138.77278624482 -174358.373483735 -158764.81678078
38700 0.387 0.0183351277045885 0.0141655927018119 8.97094900262208 124.112939677466 100.873849424634 56.4933721520844 425.562431085742 2.58267322431451 2154.50858007776 -174365.117008868 -158961.993209966
38800 0.388 0.0564593797254995 0.0416033149689477 9.11963381711845 124.283489333346 100.882902382957 56.4012133068118 420.930743105432 2.58311155797887 2131.05958466629 -174331.957789005 -158639.319592468
38900 0.389 -0.00544282510703958 -0.0981247445474035 9.05554732679007 124.487157996995 100.913344170516 56.3090544615393 422.768729238576 2.58232696332265 2140.36481606048 -174331.716665252 -159016.708573264
39000 0.39 0.045994041965722 0.0394490636747592 9.13994164828865 124.67523039503 100.866624321907 56.2168956162667 424.234513395922 2.58385471105714 2147.78568856439 -174329.826594484 -158613.054686985
39100 0.391 0.112525551395523 0.0499104490942299 9.12043333269947 124.879634204527 100.86887285493 56.1247367709941 420.220020811241 2.58380368025778 2127.46138809386 -174299.280593895 -158518.013197733
39200 0.392 0.0226752578292611 0.00354371288828957 9.12110659747747 125.083902630011 100.86570878731 56.0325779257216 423.987456786731 2.58390798590702 2146.53490713872 -174308.178539829 -158707.746717964
39300 0.393 -0.00372656859210827 0.0245629211342549 9.07655957045158 125.280373612777 100.87298211653 55.940419080449 421.619994366043 2.58391962174295 2134.54907914781 -174286.245619258 -158771.296459211
39400 0.394 0.0615107147382735 0.0479990321372266 8.99034147126391 125.428485001101 100.858218623684 55.8482602351764 421.571018288827 2.58550568381646 2134.3011263896 -174276.349804343 -158766.247699313
39500 0.395 -0.0311913894017519 -0.0813000449196489 8.97853993010903 125.564977742047 100.967825582456 55.7561013899039 424.124376582902 2.58415576934679 2147.22809538581 -174279.845518678 -159093.673516005
39600 0.396 0.0851772929851661 0.00250452913339819 8.97098804874877 125.723983051766 100.948746373259 55.6639425446313 423.036250674578 2.58564912786682 2141.71920542175 -174264.708866316 -158808.459517481
39700 0.397 0.0850214173134018 -0.0241241563851225 9.03624819707478 125.963554658065 100.912591899106 55.5717836993587 423.960109654255 2.58593741584374 2146.39645593331 -174259.554769825 -158743.566987698
39800 0.398 0.00307812819237994 0.00581509945605588 8.9154532049836 126.151194793326 100.913380396719 55.4796248540862 425.082167812013 2.58636001295125 2152.07713578577 -174255.314290828 -158989.742398821
39900 0.399 0.024691198452141 -0.0128145170637034 8.98064498720123 126.338461024958 100.933368203671 55.3874660088136 422.890823979314 2.58631114030003 2140.98294902356 -174234.178956064 -158879.274405612
40000 0.4 0.0328451540439033 0.0362378331074965 9.14322547366935 126.497831422183 100.947339148821 55.295307163541 422.361247975024 2.58699973502228 2138.30184758766 -174221.11415869 -158549.531594472
