# Fix print output for fix def1
100 0.000999999999998663 -0.108101036127554 0.137183672358228 0.0369612003029412 133.644340925826 129.790349966711 131.540761022752 299.290594301426 2.33504947366408 4419.48943688774 -524384.081919677 -519651.080598085
200 0.00199999999999862 -0.026059763507067 0.062911149468312 0.0519300000209718 133.292021306548 130.271988582576 131.409088589296 299.40311040711 2.33490284353554 4421.1509115549 -524396.878017705 -519554.252990437
300 0.0029999999999988 -0.00550938247273415 0.0303853537751831 0.0883926705500315 133.114498327826 130.561652758863 131.27741615584 299.56392099342 2.33516941959571 4423.52552907067 -524402.732475684 -519441.545247602
400 0.00399999999999875 0.0177100223568236 -0.0145798523308609 0.107849261128557 133.094906735118 130.708230886844 131.145743722383 299.290665195246 2.33523634133579 4419.49048374486 -524400.36961854 -519454.098919495
500 0.00499999999999871 0.0206129198996017 0.0141384551055713 0.129031595686472 133.153675784671 130.759372171115 131.014071288927 299.405727520378 2.33563774229063 4421.18955728806 -524403.166075292 -519204.690132073
600 0.00599999999999867 -0.00987811795745966 -0.0037112180904094 0.168928809726376 133.255443737215 130.795539250721 130.882398855471 300.553357041246 2.33555594632115 4438.13608565047 -524420.755426306 -519245.378550265
700 0.00699999999999863 0.0243736050974565 0.00896513875216123 0.174775593751048 133.323876248777 130.820299529661 130.750726422015 299.191971995738 2.33626569713698 4418.03312570882 -524400.680023258 -518995.236785984
800 0.0079999999999988 -0.0101945313250373 -0.0112682558906693 0.215685318749478 133.403146291479 130.887231507109 130.619053988559 299.982771773926 2.33603596901256 4429.71050993985 -524411.721127253 -519060.420335198
900 0.00899999999999876 0.00248104015627409 0.0283171044361568 0.241995302994736 133.438888785682 130.944716257558 130.487381555102 298.986551635239 2.33674058604854 4414.99977574516 -524395.724348446 -518686.70384072
1000 0.00999999999999872 0.0151255319876579 -0.0169400850693158 0.236209235049509 133.495482572709 131.023159194569 130.355709121646 298.826881087657 2.33670948184819 4412.64199266792 -524391.259725268 -518866.730265986
1100 0.0109999999999987 0.0107142953137822 0.00829212455437658 0.313586165992695 133.544795993092 131.068796017255 130.22403668819 299.357453288251 2.3373943030932 4420.4767134399 -524396.190733598 -518398.471835451
1200 0.0119999999999986 -0.00500363433185844 0.0120679202786672 0.292685501706026 133.619144866977 131.135507693442 130.092364254734 299.546141675932 2.33726856062314 4423.26298989527 -524395.273857748 -518550.441461384
1300 0.0129999999999988 0.0111031055352647 0.00222538683434584 0.334584942349761 133.672040075961 131.182907092454 129.960691821277 299.205362402246 2.33786576900995 4418.23085581207 -524385.569719135 -518317.773879824
1400 0.0139999999999988 0.000404340897670877 -0.00283715995978437 0.365376047128095 133.727040315432 131.245297191436 129.829019387821 299.191958787598 2.33816229860689 4418.03293067015 -524379.993150957 -518241.3525853
1500 0.0149999999999987 -0.000484682145282526 0.032650102427866 0.350077010096693 133.78896935848 131.301792415679 129.697346954365 299.816032294057 2.33844606968716 4427.24834312263 -524382.948535337 -518143.820585429
1600 0.0159999999999987 0.0115509037971474 -0.00305975129534907 0.437927526083667 133.840881516895 131.352491120114 129.565674520909 299.53814034004 2.3390114695118 4423.14483777112 -524372.192139723 -517833.475314579
1700 0.0169999999999986 -0.000926859014116538 0.0143832965044074 0.396054965232644 133.907946002068 131.413190057313 129.434002087453 298.154155957965 2.33913737174508 4402.70816360275 -524344.847058426 -518001.574435915
1800 0.0179999999999988 0.00477867678701853 0.00368597381916714 0.471686159268812 133.956349630662 131.467706775818 129.302329653996 299.187588313476 2.33970267863896 4417.9683938468 -524353.118877382 -517660.394609948
1900 0.0189999999999988 0.0250518313461851 -0.00699164403989889 0.466244972887064 134.01844472522 131.529570436072 129.17065722054 299.073521055943 2.33990146354574 4416.28401401876 -524344.715282274 -517634.188724274
2000 0.0199999999999987 -0.00488471781077088 0.0172642487286783 0.499818629657773 134.074790591298 131.581716608411 129.038984787084 299.613164330408 2.34037688966885 4424.25268325393 -524345.972854931 -517495.836255243
2100 0.0209999999999987 -0.0111823544988753 0.00777427255756448 0.512450737701217 134.128980783357 131.634821070207 128.907312353628 298.239959091676 2.34087621076543 4403.97517984151 -524319.185788497 -517504.786127626
2200 0.0219999999999986 0.0189276826013901 -0.00278935365992342 0.539942699231158 134.188337662447 131.695413286596 128.775639920172 298.763955558109 2.34115557610503 4411.71279970815 -524320.196240912 -517275.636542414
2300 0.0229999999999988 0.0152634787191692 0.00838495992309752 0.570501674290101 134.241396130477 131.74641892687 128.643967486715 299.92129278006 2.34171861702695 4428.80267732115 -524330.418979747 -517089.202135272
2400 0.0239999999999988 -0.0136570748790996 0.0187967751577594 0.570500808006983 134.303238724778 131.808131582512 128.512295053259 298.933513886411 2.34194151101671 4414.21659119087 -524308.682087847 -517169.926019023
2500 0.0249999999999987 0.0215961460043948 -0.00808298500199905 0.608768985156909 134.353546837982 131.857426311943 128.380622619803 298.728558883873 2.34258957124247 4411.19011295867 -524298.11168265 -516942.439344874
2600 0.0259999999999987 -0.0170031639111909 0.00967741764433043 0.638999005017117 134.417048255729 131.912951414627 128.248950186347 298.83071439596 2.34290027534373 4412.69859740551 -524291.654150413 -516890.433327039
2700 0.0269999999999987 0.0235468093154153 0.02034782441175 0.610042888723572 134.470243602097 131.973528363681 128.117277752891 299.72838587324 2.34330431410967 4425.95410789321 -524296.444703457 -516777.166909009
2800 0.0279999999999988 -0.00386255452403372 -0.00138494744883003 0.696499978929796 134.517222535723 132.02257577675 127.985605319434 298.379292674971 2.3440247539941 4406.03265612477 -524267.539146215 -516592.676690802
2900 0.0289999999999988 -0.0109145001067596 -0.00775845450430652 0.682397755336439 134.582716304165 132.088862625902 127.853932885978 299.162247696338 2.34411995441429 4417.59420036429 -524269.803464903 -516713.681206296
3000 0.0299999999999987 0.0200978917413074 0.0240480821710764 0.686926589900957 134.629425134613 132.129502303762 127.722260452522 298.073547036958 2.34500097222147 4401.51784796406 -524243.611046728 -516386.399347699
3100 0.0309999999999987 -0.00439608614698332 -0.0141249212091241 0.761734679339564 134.696027981735 132.188781838362 127.590588019066 298.431519393693 2.34520809868988 4406.80386456269 -524238.547930716 -516318.970899684
3200 0.0319999999999987 0.0114974754032794 0.0143385119826967 0.705170696411731 134.749175265911 132.243471010483 127.45891558561 298.693937448003 2.34573441247335 4410.67887380505 -524231.578783954 -516366.597859806
3300 0.0329999999999988 0.0116205680370437 0.00495317025874837 0.785370453682668 134.800771139817 132.291869544023 127.327243152153 297.258894664606 2.34640268651644 4389.4882432157 -524198.982828431 -516021.063418665
3400 0.0339999999999988 -0.00248132135762784 0.00299847719091742 0.78493573871108 134.863409920624 132.351357888203 127.195570718697 298.319426074113 2.34668548857309 4405.14863298754 -524203.128265039 -516087.901477188
3500 0.0349999999999987 -0.00252370157676341 0.00474183707220563 0.793438256066947 134.917783853227 132.405319520993 127.063898285241 298.126259435103 2.3472135626148 4402.29622821132 -524188.230470856 -516028.505514475
3600 0.0359999999999987 0.00194707273850786 0.0245275855189909 0.837733743981731 134.963178705406 132.4494492871 126.932225851785 298.094825657658 2.34807553029492 4401.83205977428 -524175.460912797 -515693.966476825
3700 0.0369999999999987 0.0111395036501012 -0.0160792485869945 0.81404518749914 135.027005083223 132.522526847767 126.800553418328 298.79456129282 2.3481072072826 4412.16474081101 -524173.231329573 -515941.579884423
3800 0.0379999999999988 0.00261919390129751 0.00872407683761287 0.868218646376026 135.07513163561 132.5650930647 126.668880984872 298.569025240056 2.348956095 4408.83435147768 -524157.013004831 -515597.593583844
3900 0.0389999999999988 -0.00718156783409374 0.00588017954543353 0.87728581136192 135.127805606248 132.622839711262 126.537208551416 299.085833149086 2.34946033440318 4416.46582115413 -524151.597988466 -515602.316189411
4000 0.0399999999999988 0.00649145346623395 0.0123424389549792 0.877119258353092 135.184494272757 132.67496410234 126.40553611796 298.719226983976 2.34999781977686 4411.05231299501 -524132.624682015 -515495.512518491
4100 0.0409999999999987 0.00562717634321193 0.00315950320892817 0.912941447421008 135.235375849596 132.721014621753 126.273863684504 297.787708873583 2.35074726347598 4397.2970045171 -524105.318475137 -515361.771479499
4200 0.0419999999999987 0.00266724638090052 0.00294214518212573 0.920591746170322 135.293294779457 132.782161167561 126.142191251047 297.705663131087 2.35111047594517 4396.08547198247 -524090.138244144 -515327.385761315
4300 0.0429999999999988 -0.00247911149944716 0.00980658898796791 0.937696672641042 135.343292929877 132.832806885518 126.010518817591 297.112705450279 2.35180075542457 4387.32953291607 -524067.115164913 -515225.683376653
4400 0.0439999999999988 0.0240119039976645 -0.0126792081448708 0.983024188650344 135.395215438937 132.887459126985 125.878846384135 298.844775704848 2.35239010736363 4412.90623442212 -524078.178339907 -514979.828206811
4500 0.0449999999999988 -0.0101541000110526 0.0109326314548018 0.949319984865772 135.454913098563 132.940706299701 125.747173950679 298.117733159092 2.35287273125919 4402.17032453281 -524052.759110137 -515174.610148832
4600 0.0459999999999987 -0.00341131619538426 0.0181985428491133 0.99322065801422 135.501010345065 132.984808744574 125.615501517223 298.377962142818 2.35375692433187 4406.0130087556 -524041.461877632 -514888.439157783
4700 0.0469999999999987 -0.000279383533278071 -0.014041388221139 1.01183292775373 135.557701915775 133.045857955823 125.483829083766 298.674317479921 2.35416064407093 4410.38915457117 -524030.545110548 -514923.37935876
4800 0.0479999999999989 0.00731305345749228 0.0239091997620762 0.998709623756502 135.599709581582 133.092560252805 125.35215665031 297.988450626718 2.35507674777239 4400.26126759257 -524004.652688925 -514756.853255645
4900 0.0489999999999988 -0.0164045843165887 0.00376661265052203 1.04829850688186 135.65835625177 133.15349186914 125.220484216854 298.311862899545 2.35545561159168 4405.03695099437 -523993.422868542 -514714.668951122
5000 0.0499999999999988 0.0272237052706737 -0.00716221924745495 1.03233770118414 135.708050796053 133.198334528995 125.088811783398 298.097242508307 2.35627805939736 4401.8677483195 -523974.008191403 -514621.381663565
5100 0.0509999999999987 -0.00912890137620115 0.00140698110604893 1.07394215408968 135.769534107111 133.24707551386 124.957139349942 297.695674660151 2.35683036947378 4395.93797672992 -523951.461765864 -514540.922640349
5200 0.0519999999999987 0.000761150431455696 0.0210316216233224 1.07459223074919 135.819057697691 133.29551078693 124.825466916485 298.63988808317 2.35759921521745 4409.88075117273 -523948.786801782 -514384.116854147
5300 0.0529999999999989 0.00435498062331596 0.0059163430662305 1.07354638149806 135.871122201076 133.347616702563 124.693794483029 297.750347028087 2.35826253985677 4396.74529896853 -523918.498471308 -514427.483977374
5400 0.0539999999999988 -0.00305131192829118 -0.00921400681306405 1.11954944576071 135.920787357604 133.407836346089 124.562122049573 298.235713489619 2.35882755892645 4403.91248694771 -523908.51169972 -514301.277447552
5500 0.0549999999999988 0.0164959705540988 0.037732575829484 1.08535546265023 135.959231818799 133.452034038607 124.430449616117 298.164461176915 2.35987415336102 4402.86033613059 -523889.901303276 -514134.311374171
5600 0.0559999999999987 -0.00535877820107953 -0.0393453909486305 1.16531260167273 136.023305703178 133.510319275913 124.298777182661 297.210545337051 2.36023039021232 4388.77429046719 -523858.064301969 -514206.484876169
5700 0.0569999999999987 0.0176843543214771 0.0279648960126786 1.11303053526153 136.069268968829 133.552365816466 124.167104749204 297.6146977268 2.36119155808862 4394.74222681867 -523846.191251394 -514012.06138435
5800 0.0579999999999989 -0.00719208829505066 0.00944123675725158 1.17760384559857 136.120933604968 133.600242863952 124.035432315748 297.397066243271 2.36195425585453 4391.52856069984 -523824.575093399 -513896.050424718
5900 0.0589999999999988 -0.00868459563064509 -0.0148070210187572 1.17788561314417 136.182767589201 133.662237704628 123.903759882292 297.741786934061 2.36229453323005 4396.61889591462 -523811.35104209 -513997.994316623
6000 0.0599999999999988 0.0213079419383771 0.0261677456215458 1.15579246397986 136.223505464881 133.694687542125 123.772087448836 297.894475886123 2.36352660774548 4398.87358491459 -523794.793800439 -513752.794471315
6100 0.0609999999999987 -0.00860258065297003 -0.0158879627909669 1.22189391543862 136.279791854376 133.750371114962 123.640415015379 297.040039659291 2.36408181482074 4386.25650990161 -523763.361906513 -513762.803318883
6200 0.0619999999999987 0.0143692088099363 0.0143045036666792 1.17225279503175 136.328359297517 133.803311200765 123.508742581923 298.490383307955 2.36482302100027 4407.67308147844 -523765.565903291 -513728.836577613
6300 0.0629999999999989 0.00562660244786225 -0.00847059255328425 1.23992168430489 136.374651095271 133.847454209986 123.377070148467 296.829987007139 2.36576277100048 4383.15475697302 -523721.675873173 -513542.318152532
6400 0.0639999999999988 -0.00503293650924703 0.00197594724206543 1.21114332722856 136.429375657253 133.898747773996 123.245397715011 298.043278631062 2.36643345231647 4401.07088804392 -523720.140534437 -513660.306992459
6500 0.0649999999999988 -0.00165128604087695 0.0271461064875525 1.23892181478116 136.471979498286 133.940545015995 123.113725281555 297.725492302956 2.36748582963394 4396.37828043449 -523695.45801338 -513379.094623441
6600 0.0659999999999988 0.00113146641816063 -0.0174703764139383 1.26035709997992 136.526979469793 134.008098568429 122.982052848098 298.06622974401 2.36787159955199 4401.40979679404 -523680.566661321 -513455.625971718
6700 0.0669999999999987 0.0169547774552981 0.0178777913691883 1.24721688394029 136.563991687058 134.04072173309 122.850380414642 297.675566304817 2.36919031185474 4395.64104570141 -523654.505381991 -513260.641012647
6800 0.0679999999999989 -0.0256312605880284 -0.0129042324659587 1.28114190552001 136.627462326691 134.100821796325 122.718707981186 296.877716674961 2.36956811993395 4383.85955948529 -523622.327951394 -513425.711043686
6900 0.0689999999999988 0.0234893211947082 0.0226253605368594 1.2855510450813 136.666140733795 134.132888986331 122.58703554773 298.132580113816 2.37087502368479 4402.38956282771 -523620.16906641 -512991.847653937
7000 0.0699999999999988 -0.00195184714471504 -0.0174121829459475 1.28280703479697 136.722353525882 134.195779423425 122.455363114274 297.041998979836 2.37133668805525 4386.28544230583 -523583.345187258 -513291.239336011
7100 0.0709999999999988 -0.00291660445927547 0.0278435082371891 1.29751877815967 136.766077981324 134.236200432545 122.323690680817 298.222589220082 2.37241572530209 4403.71868676925 -523579.688238141 -512997.159413201
7200 0.0719999999999987 0.00167769457870644 -0.00508307183559142 1.32623885428572 136.812243300906 134.282537856247 122.192018247361 297.459357658393 2.37335154280856 4392.44838997741 -523547.333246593 -512976.699871194
7300 0.0729999999999989 0.014910305936238 -0.00735084359311157 1.29867462367866 136.864917092608 134.334265060193 122.060345813905 297.680833429267 2.37408287538475 4395.71882295639 -523529.173410024 -513034.674991055
7400 0.0739999999999988 -0.00181079271230454 -0.000392558041494192 1.34782221527888 136.909215203128 134.374393228954 121.928673380449 297.748783262694 2.37516818870702 4396.72220754912 -523508.58337599 -512832.065678327
7500 0.0749999999999988 -0.00665408936234185 0.00230439773550053 1.33446428868919 136.956981053674 134.424765168593 121.797000946993 297.163652855925 2.37601598655155 4388.08185031386 -523478.122369092 -512884.815957934
7600 0.0759999999999988 0.0143210180254692 -0.00702655737208218 1.36698727611576 136.998519471997 134.466454528696 121.665328513536 297.394601017787 2.37712901390936 4391.49215782519 -523459.550308439 -512659.78782235
7700 0.0769999999999987 -0.0137626820143617 0.00288676571199531 1.33645832983124 137.062789543344 134.523480052256 121.53365608008 297.579628751195 2.37758028338725 4394.22437904731 -523440.135290422 -512865.898537006
7800 0.0779999999999989 0.0296912128819124 0.0192458165148151 1.38105674681458 137.082332349572 134.545171999099 121.401983646624 297.404213576383 2.37943599765631 4391.63410214948 -523415.2946313 -512362.070197775
7900 0.0789999999999988 -0.020558787407581 -0.0227171359242484 1.34342089996363 137.162001324433 134.619755403819 121.270311213168 297.252685358156 2.37931702009797 4389.39655318339 -523390.587143397 -512944.194787797
8000 0.0799999999999988 0.0389976600358746 0.0174637579925466 1.39493508835909 137.178501580756 134.636299261816 121.138638779712 298.296749368077 2.38132408289613 4404.81377628073 -523383.377147498 -512222.629796438
8100 0.0809999999999988 -0.021559938700363 -0.00274141048318682 1.37788536033075 137.250472852696 134.699729449874 121.006966346255 296.688569366123 2.38154322138286 4381.06650634784 -523336.917883311 -512655.793348587
8200 0.0819999999999987 0.0109552360482996 0.0159959678337723 1.39546211419044 137.281174014985 134.727005050275 120.875293912799 297.414587431333 2.38312175068763 4391.78728819423 -523324.723979662 -512316.907982235
8300 0.0829999999999989 0.00291781819364324 -0.00673535457939239 1.40595189033188 137.341000973122 134.78006552702 120.743621479343 297.081121584526 2.38374252784384 4386.86314819256 -523296.693239562 -512389.822714729
8400 0.0839999999999989 0.00579706834826446 0.00658858235959242 1.42025126072987 137.37657311518 134.818963425681 120.611949045887 297.257356139238 2.38503862055105 4389.46552450439 -523276.101258817 -512228.409890097
8500 0.0849999999999988 0.000317785974582979 0.0157109556583751 1.38156032538883 137.428911844145 134.873852799802 120.48027661243 298.341964897718 2.38576457837718 4405.48145364659 -523268.722393957 -512369.877522755
8600 0.0859999999999988 0.00777740488240378 -0.0160966349975009 1.45705988993693 137.458965972526 134.917053183658 120.348604178974 297.91079032706 2.38708803866623 4399.11449291759 -523238.884313393 -512112.481920795
8700 0.0869999999999987 0.00270998796856983 0.0216622964034495 1.3989664356406 137.51420545643 134.959289380806 120.216931745518 298.197874175487 2.38799507973353 4403.35373083479 -523219.499692782 -512209.323480671
8800 0.0879999999999989 0.000272638043241997 0.00865299142291887 1.44309001766863 137.561950833273 134.999446642097 120.085259312062 297.232368820569 2.38907288389846 4389.09654802128 -523181.353534763 -512055.363221414
8900 0.0889999999999989 0.0180796377592173 -0.0127811721243906 1.44458961509774 137.604623768586 135.041227324025 119.953586878606 297.111222669644 2.39021391982788 4387.30763736211 -523155.760182064 -512044.641348823
9000 0.0899999999999988 0.00130868607212381 0.0293013747166066 1.41940121212528 137.65255119694 135.089259749423 119.821914445149 297.569815172026 2.39115689319905 4394.07946634273 -523138.392156984 -512022.582013136
9100 0.0909999999999988 -0.0150366969419225 0.0160657630007614 1.47348667398024 137.687750968864 135.137129952708 119.690242011693 297.09562506708 2.39232771407136 4387.07731458859 -523107.292778817 -511888.236144309
9200 0.0919999999999987 0.0157602809692956 -0.00262472307990737 1.45176177184809 137.73119491522 135.174277978563 119.558569578237 297.22151731015 2.39354903784609 4388.9363086533 -523084.893096371 -511912.006458129
9300 0.0929999999999989 -0.009497737114946 -0.00442476126117845 1.46675988734963 137.787727355205 135.220521489997 119.426897144781 297.183089414339 2.39438576161733 4388.36886121977 -523059.85625773 -511945.737892173
9400 0.0939999999999989 0.00343431382290951 0.025842514901455 1.4589326621622 137.827171806063 135.248407253283 119.295224711325 296.858090125569 2.39584848896672 4383.56974306816 -523030.549121619 -511761.684870876
9500 0.0949999999999988 0.0133926842364345 0.00258563800056787 1.4824406634624 137.871628211652 135.292747503955 119.163552277868 296.665486223809 2.39693662659621 4380.72564797952 -523003.139782271 -511693.031920071
9600 0.0959999999999988 0.0141514247190902 0.00680895771707293 1.44893070565374 137.90291492996 135.342967700129 119.031879844412 297.093305248649 2.39815351248744 4387.04305887442 -522984.667307209 -511803.617430299
9700 0.0969999999999987 -0.0345003264849492 0.00907957281149185 1.52265220686359 137.948599307024 135.393067066472 118.900207410956 297.346050412276 2.39912612506091 4390.77523289573 -522963.656801921 -511655.3099582
9800 0.0979999999999989 0.0236910621431274 -0.00689231439242024 1.44992497118185 137.991035572108 135.433061471806 118.7685349775 297.766588351773 2.40033824356762 4396.985127282 -522944.90528284 -511774.723703873
9900 0.0989999999999989 -0.00162619622921192 0.0118502838970958 1.51960835895034 138.024620182251 135.459597111742 118.636862544044 296.970669133215 2.40194700170596 4385.23214658028 -522908.283570667 -511463.156312922
10000 0.0999999999999988 -0.0159222020139688 0.00767541342415595 1.46168660878329 138.085707190689 135.519387560671 118.505190110587 297.747584147788 2.40249163170951 4396.70450075925 -522894.530843723 -511791.989655896
10100 0.100999999999999 0.030513962188549 -0.00846537763785311 1.53682024277542 138.106631497932 135.540918556237 118.373517677131 297.093055966664 2.40441762565943 4387.03937783959 -522859.77743769 -511286.237375643
10200 0.101999999999999 -0.00605908916085591 -0.0111653288828548 1.46734944582786 138.171439543753 135.607049102073 118.241845243675 296.976818095455 2.40479282420756 4385.32294553683 -522832.691111951 -511763.227477573
10300 0.102999999999999 0.0198030429435627 0.024229648433014 1.54110307216972 138.184385824308 135.613487262773 118.110172810219 297.590450857779 2.40713391766705 4394.38418422208 -522816.517488579 -511122.786237246
10400 0.103999999999999 -0.00436395330915735 -0.0191007482195842 1.48915341771757 138.260107492302 135.677857216806 117.978500376763 297.762821002511 2.40735798109708 4396.92949653187 -522793.613237823 -511648.003208905
10500 0.104999999999999 0.035106074731177 0.000344102904028914 1.52634521496128 138.27188672394 135.697456204234 117.846827943306 297.249841346831 2.40949440003704 4389.3545569488 -522760.592630034 -511186.415999657
10600 0.105999999999999 -0.0232854848915069 0.0203153810381839 1.49190709576294 138.324467750449 135.756423780339 117.71515550985 297.429573992177 2.41022527495069 4392.00858798984 -522737.690086211 -511498.111426505
10700 0.106999999999999 0.00394336909158016 0.00814982516824759 1.53910690849688 138.35126363735 135.789150314812 117.583483076394 296.994992277601 2.41187553389251 4385.59131550082 -522705.729497363 -511191.10338663
10800 0.107999999999999 0.0247547755291012 -0.00658876276668667 1.50445435149767 138.394666118284 135.829718174027 117.451810642938 298.128506614872 2.41310125561892 4402.32941130307 -522696.802531541 -511300.34006568
10900 0.108999999999999 -0.0017936748950794 0.0102496558696857 1.53827217984379 138.435440258298 135.860758723777 117.320138209481 296.462204710744 2.41454623552265 4377.72388141281 -522646.612269247 -511168.268438255
11000 0.109999999999999 -0.0129617038144212 0.0129391841191973 1.50769901444975 138.48546310778 135.909662668132 117.188465776025 297.419673342884 2.41551658106751 4391.86238955995 -522634.95661782 -511324.530547393
11100 0.110999999999999 0.0197193740022125 -0.00285329316623408 1.54767295771557 138.514778238227 135.941581546935 117.056793342569 297.617425835553 2.41715422753204 4394.78251157217 -522612.203518558 -511042.785472413
11200 0.111999999999999 0.00231757256255689 0.0006637413384064 1.50862171404616 138.558986393199 135.97930458668 116.925120909113 297.541250214363 2.41843306879316 4393.65766047558 -522585.251843629 -511263.37717709
11300 0.112999999999999 -0.000475207375740968 -0.00388224753664492 1.56971272244156 138.60243611893 136.017213588939 116.793448475657 297.720808127433 2.41972602015775 4396.3091113238 -522562.080752445 -510995.022558688
11400 0.113999999999999 -0.00227992644420605 0.00224879733988159 1.51637111853213 138.645606492156 136.062065133149 116.6617760422 298.152403964807 2.42090451144361 4402.6822927087 -522542.506326398 -511196.990852903
11500 0.114999999999999 0.00399112041542634 0.019620271616041 1.56192392254551 138.662129996194 136.094731353325 116.530103608744 298.159941055035 2.42276952032168 4402.79358952618 -522516.787927033 -510859.926381258
11600 0.115999999999999 -0.0189584839811697 -0.0199752720487295 1.53967853703575 138.714566776353 136.153695191045 116.398431175288 297.60953034358 2.42354330590901 4394.6659223975 -522482.72005776 -511224.108124158
11700 0.116999999999999 0.0119159975342635 0.0156496327116179 1.53490298917051 138.742674941729 136.179861666551 116.266758741832 298.462193329583 2.42533032072117 4407.25681276164 -522469.329503783 -510921.086238574
11800 0.117999999999999 0.00453057296910206 0.0181841918172633 1.56304061213956 138.778161305561 136.204693365796 116.135086308376 297.86821402528 2.42701670041949 4398.48578784111 -522434.750331918 -510793.885853265
11900 0.118999999999999 -0.0108889818028763 -0.0207596217106561 1.52432185046073 138.835588151706 136.261399437946 116.003413874919 298.082268411301 2.42775576504218 4401.64663257178 -522411.872456553 -511195.042279743
12000 0.119999999999999 0.0187630218661053 0.0113448654421258 1.57886114316039 138.856599032632 136.273901614489 115.871741441463 297.661279677791 2.4299238597342 4395.43008151332 -522379.738453646 -510644.701121387
12100 0.120999999999999 -0.0160295484480222 -0.00725981139173323 1.52756134749821 138.909005142628 136.327134453106 115.740069008007 298.257406106609 2.43082094498937 4404.23281205471 -522362.551111219 -511098.838205995
12200 0.121999999999999 0.0138577593140372 0.0150968550362167 1.54847778775732 138.934119949156 136.355304040853 115.608396574551 298.393825229843 2.43264695588385 4406.24725181862 -522338.682556823 -510744.743060199
12300 0.122999999999999 -0.00553856692280949 -0.00808382947347388 1.55725891430128 138.971407432098 136.399930728794 115.476724141095 297.846652673981 2.43397073904529 4398.16740107546 -522304.721318379 -510876.680696104
12400 0.123999999999999 0.0167937443467081 -0.000432452859046618 1.55322431827734 139.001432697179 136.433468788888 115.345051707638 298.281944162853 2.4356240178267 4404.5951544819 -522285.210392047 -510737.41931617
12500 0.124999999999999 -0.0107300313597527 0.00609081616178487 1.55614559378145 139.0485542115 136.471945259827 115.213379274182 298.808864458183 2.43689400359876 4412.37594921327 -522267.087769122 -510797.474408215
12600 0.125999999999999 -0.0199302418938972 0.0162863380642254 1.53990421563772 139.089174287184 136.501673629979 115.081706840726 298.345718926182 2.43843854141679 4405.5368876945 -522234.409601091 -510845.410323435
12700 0.126999999999999 0.0255926307666173 -0.0143670695307733 1.58701868127881 139.11896977288 136.528617994714 114.95003440727 299.112606840845 2.44022718572385 4416.86117620427 -522219.886683972 -510543.124664288
12800 0.127999999999999 -0.000433829787990014 0.025627895559101 1.52769132993126 139.150179529528 136.5681918798 114.818361973814 298.427004492852 2.4417699032877 4406.737195055 -522184.020232331 -510727.877897902
12900 0.128999999999999 -0.0362227450963956 -0.00980694748517848 1.58548704627807 139.194346868612 136.608760458459 114.686689540357 298.586950795552 2.44307190050504 4409.09905008389 -522160.712072583 -510766.889572599
13000 0.129999999999999 0.0469133234367699 -0.00249256741666405 1.53899096393943 139.21660608545 136.629674486014 114.555017106901 299.205290962883 2.44511462638596 4418.22980089918 -522144.140859944 -510547.762649563
13100 0.130999999999999 -0.0186316513008094 -0.00813640477718399 1.59776255696254 139.26392169445 136.665424140603 114.423344673445 299.559863982125 2.44645651700378 4423.46562101174 -522123.876188882 -510582.46003669
13200 0.131999999999999 -0.028916486156556 0.0184163301512395 1.53944601179117 139.297909158896 136.700356407482 114.291672239989 298.518715797033 2.44805168125839 4408.09145458667 -522082.966496877 -510751.954840092
13300 0.132999999999999 0.0338909021651089 -0.00644707294384598 1.54903286855611 139.31740405159 136.747178369459 114.159999806532 300.715328447507 2.44969325824523 4440.52784447177 -522089.974220323 -510516.094453371
13400 0.133999999999999 0.0170104165392116 -0.0092445332015639 1.55967452030133 139.342379675264 136.78547162187 114.028327373076 299.191584415719 2.45139595180806 4418.0274024892 -522042.207085187 -510536.642107494
13500 0.134999999999999 -0.0396992791509303 0.00510970256495641 1.55376503494764 139.397587957839 136.824755158323 113.89665493962 299.402416246267 2.45255358916724 4421.1406611943 -522019.919941562 -510732.725008637
13600 0.135999999999999 0.026256832905983 0.00512138984507635 1.5778013816023 139.423514994182 136.828208900339 113.764982506164 300.006638038006 2.45487362482568 4430.06293231465 -522003.701741805 -510307.675822796
13700 0.136999999999999 0.0170258130494243 -0.0142755836485132 1.54076312829759 139.471724934627 136.867729889743 113.633310072708 298.207993559724 2.45615924008012 4403.50315922511 -521952.031580028 -510582.71762736
13800 0.137999999999999 -0.02824300439925 0.00390600617374849 1.58225556835492 139.512744274896 136.911091647874 113.501637639251 299.71008240344 2.45750704326219 4425.68382879665 -521949.280940777 -510496.632207734
13900 0.138999999999999 0.0058946530483101 0.0358213313555524 1.55217399522232 139.523403676512 136.932248938505 113.369965205795 299.419311946823 2.45979320300098 4421.39015239637 -521920.107346985 -510316.185603264
14000 0.139999999999999 -0.0030078059576228 -0.044255065096995 1.58460483668096 139.567080424836 136.989119687587 113.238292772339 299.351202076004 2.46086070832097 4420.38440460354 -521894.449559549 -510549.3605485
14100 0.140999999999999 0.0203265569076063 0.0258594206120409 1.53003286409373 139.590378320194 137.0007982861 113.106620338883 299.93689446161 2.46310432041611 4429.03306032722 -521878.358987318 -510355.973952178
14200 0.141999999999999 -0.0376857741125445 0.0203595414580046 1.57348148884163 139.646903405763 137.038619051229 112.974947905427 300.810094753371 2.46429661539609 4441.92721583763 -521866.795541039 -510425.195433737
14300 0.142999999999999 0.0208596523362272 0.0112164232526069 1.55325938304833 139.67296342844 137.053555123873 112.84327547197 300.498533901681 2.46644296337454 4437.32653703513 -521837.779383593 -510275.731256851
14400 0.143999999999999 -0.0154474612348376 -0.0277036602785504 1.56520131351746 139.719078202304 137.096742520284 112.711603038514 300.113192160303 2.46773169773734 4431.63636905779 -521807.97227755 -510539.599494901
14500 0.144999999999999 0.0041787489531649 0.0223491017087839 1.56368295655865 139.735026657559 137.120866637123 112.579930605058 301.16743751344 2.46990133905389 4447.20393546579 -521799.342391786 -510215.513132719
14600 0.145999999999999 -4.63999390523578e-05 -0.00124863017779897 1.57237235909848 139.770685167565 137.163742370835 112.448258171602 301.150486185512 2.47138986408582 4446.95362283938 -521775.292363782 -510281.82826139
14700 0.146999999999999 0.00309971539361738 -0.00964445081612021 1.57556428456013 139.796191987573 137.198255568098 112.316585738146 300.706720571931 2.47321339339081 4440.40073584921 -521744.913053255 -510272.419949974
14800 0.147999999999999 0.0027174400549775 -0.0107368431451678 1.52861339191361 139.82629667699 137.237473093052 112.184913304689 300.025191983275 2.47487568417886 4430.33691006968 -521711.514611604 -510470.698323709
14900 0.148999999999999 -0.00148841346579444 0.0282063071110173 1.58909263761144 139.855180282719 137.260733546549 112.053240871233 300.897637065312 2.47685235360319 4443.21991373817 -521701.078624875 -510026.696278351
15000 0.149999999999999 0.0137027746167742 0.0220653936215346 1.531741339495 139.893601391232 137.288310470111 111.921568437777 299.397519241204 2.47858727098201 4421.06834932564 -521655.950432128 -510224.789232378
15100 0.150999999999999 -0.00904842895049673 -0.0288668510527246 1.59255662826048 139.934791434668 137.329701180948 111.789896004321 300.021232062369 2.48002855727687 4430.27843570081 -521642.34094861 -510263.558155226
15200 0.151999999999999 0.0138561421849288 0.03110832838175 1.5392792950843 139.95252706786 137.349245165464 111.658223570865 301.257504005314 2.48228519961683 4448.53390679477 -521638.052439691 -510115.142665231
15300 0.152999999999999 -0.0367899103933056 0.00636896364234255 1.59161914574435 139.998708963467 137.384468144209 111.526551137408 301.22168765293 2.48375911552766 4448.00502284705 -521615.265415793 -510199.930580369
15400 0.153999999999999 0.0231377777140861 -0.00708758715248997 1.53351311432561 140.023522084806 137.410953499203 111.394878703952 301.222922729927 2.48577512717002 4448.02326067292 -521593.193027921 -510235.372795511
15500 0.154999999999999 0.00765082921789665 -0.00693574665344402 1.58874259936172 140.05036735855 137.442708686355 111.263206270496 301.619795856313 2.48766493757975 4453.88370742015 -521577.462980254 -510041.270024892
15600 0.155999999999999 -0.0175117399561968 0.0192428369199419 1.5283541289146 140.082835473153 137.482586834298 111.13153383704 301.90200643142 2.48931288014311 4458.05098390463 -521560.261275413 -510288.966374865
15700 0.156999999999999 0.0063406665517918 -0.000611972451734254 1.59940186579328 140.098464380831 137.511149950454 110.999861403584 301.429186927212 2.49147015000562 4451.06907119441 -521532.433929011 -509940.143805426
15800 0.157999999999999 -0.00265132191016776 -0.0181742527183742 1.55351401979069 140.135682433548 137.550767560293 110.868188970127 301.558686664135 2.49304839664496 4452.98133549643 -521513.763578326 -510246.172724291
15900 0.158999999999999 0.00294054633047364 0.00839374007892892 1.55557326382333 140.163047890876 137.576262086422 110.736516536671 302.194872418592 2.49506300970921 4462.37560406102 -521503.265224177 -510079.761016976
16000 0.159999999999999 -0.00675748744816443 0.0178105530686306 1.58238785072592 140.194519050923 137.598698835844 110.604844103215 301.945846891875 2.4970653228879 4458.69835624302 -521479.781094071 -509947.753672125
16100 0.160999999999999 0.014166912949623 -0.00528172347881152 1.53022383626608 140.226951334971 137.634337714504 110.473171669759 301.045938198845 2.49881613443624 4445.40980979774 -521447.362245281 -510174.591149547
16200 0.161999999999999 0.00053263592780055 -0.00679240374683168 1.62593311415966 140.254494966653 137.661808796651 110.341499236302 302.199361210464 2.50080755617916 4462.44188802931 -521445.389943429 -509803.931346428
16300 0.162999999999999 -0.0108387240661866 0.0110122638945497 1.50923915662269 140.2938770213 137.699431727529 110.209826802846 302.103677185904 2.50240862803872 4461.02896512471 -521425.555089021 -510278.507660083
16400 0.163999999999999 -0.000479216513510029 -0.00336964185317904 1.61553999107487 140.313965905991 137.724007365716 110.07815436939 300.799300541582 2.50459623606232 4441.76782257273 -521388.392219743 -509813.794050147
16500 0.164999999999999 0.0184845386426127 -0.00123013649032588 1.52405312686533 140.342833032969 137.755878742893 109.946481935934 301.621054709833 2.50649992372663 4453.90229634322 -521382.706343655 -510112.649863599
16600 0.165999999999999 -0.0262126857377424 0.0089140555586039 1.59244571469148 140.379172755916 137.777291379823 109.814809502478 301.475487663853 2.50846577442309 4451.75277332338 -521363.240541467 -509951.143267735
16700 0.166999999999999 0.00764905387199826 0.0124858424506833 1.55576272163258 140.402915743471 137.805169615475 109.683137069021 301.544659140165 2.51054444136927 4452.77419736649 -521346.922971939 -509936.253510891
16800 0.167999999999999 -0.00491288686340306 -0.00182908549882981 1.56185729883347 140.435864495808 137.839811048505 109.551464635565 301.44340483402 2.51234064468752 4451.27902062199 -521328.434160585 -510015.926705089
16900 0.168999999999999 0.00306495284914723 -0.0127175445121671 1.56926348314391 140.460192584043 137.876255958175 109.419792202109 301.603517202366 2.51426347831656 4453.6433278675 -521313.628000606 -509984.184064243
17000 0.169999999999999 0.0307541523460881 0.0307711513766145 1.54854816735486 140.47001530748 137.891639550046 109.288119768653 301.813566600342 2.51683586647228 4456.74503274315 -521299.891887776 -509752.128629693
17100 0.170999999999999 -0.0291093747851032 -0.0244644918516575 1.59306423432973 140.526130309366 137.939940961989 109.156447335197 301.29009095594 2.5179836069034 4449.01510362091 -521275.098913839 -510049.015249671
17200 0.171999999999999 0.0195654852751312 -0.00285344738795947 1.53901530435557 140.54321301501 137.952771149626 109.02477490174 301.710865206003 2.5204837877434 4455.22848749891 -521264.388078289 -509967.40680168
17300 0.172999999999999 -0.00226186553970177 0.00914120702724668 1.61520876849837 140.575992958887 137.982343544208 108.893102468284 301.600595680252 2.52240236876366 4453.60018706599 -521245.666405864 -509663.899037218
17400 0.173999999999999 -0.00536343882395326 -0.00523627587371923 1.54765767963922 140.60996797536 138.01565257658 108.761430034828 302.003874027809 2.52423655649777 4459.55521683001 -521234.691096576 -510025.536512364
17500 0.174999999999999 0.0103165651749392 -0.00503449251829821 1.60566912538878 140.644400455559 138.023134656666 108.629757601372 301.391273019866 2.52654053761193 4450.50921359709 -521208.637246141 -509690.496250651
17600 0.175999999999999 0.0138347260894472 -0.00321158754037643 1.56914906610452 140.67777127354 138.053785563837 108.498085167916 301.090801681728 2.52844517416672 4446.07228864765 -521187.01902997 -509815.325620268
17700 0.176999999999999 -0.00972831579202501 0.00904604851127188 1.57118211186709 140.706708302093 138.085308015699 108.366412734459 301.347166062459 2.53041900284918 4449.85790601822 -521173.874688005 -509844.415654271
17800 0.177999999999999 0.00295331476454432 0.00107392823076641 1.60720799460084 140.727007400377 138.123474639281 108.234740301003 302.010565067203 2.53243196703492 4459.6540203958 -521166.407759242 -509654.320787821
17900 0.178999999999999 0.00771457758758057 -0.000270913784469664 1.54230828042465 140.74094703456 138.151998873401 108.103067867547 301.436322325408 2.53474195166724 4451.17443640654 -521140.952897833 -509912.641871343
18000 0.179999999999999 -0.0293878117596875 -0.0162977773481141 1.6100845065692 140.788768596904 138.187208851387 107.971395434091 301.463753986537 2.53632465950447 4451.57950739409 -521124.277804638 -509835.778831855
18100 0.180999999999999 0.0284434036206259 0.0343876421280096 1.58769922298926 140.798235582868 138.187096963519 107.839723000635 302.006107610451 2.53925282548185 4459.58819913911 -521115.06419171 -509450.453342402
18200 0.181999999999999 -0.0284005864375526 -0.0145244212784553 1.57927668577965 140.844916475138 138.233803108566 107.708050567178 302.593207119643 2.54065569968389 4468.25763322318 -521106.798043187 -509935.642178005
18300 0.182999999999999 0.016834989488304 0.011315996933204 1.60710449409187 140.853880395244 138.245984183169 107.576378133722 302.538812043809 2.54337943155231 4467.45440563218 -521088.878405792 -509494.661926528
18400 0.183999999999999 0.0184831692145254 0.00983786111407457 1.58171911953618 140.88294926303 138.282582363899 107.444705700266 301.728742651882 2.54529706827978 4455.49247569207 -521059.99258281 -509592.917894837
18500 0.184999999999999 -0.0132146482164237 -0.040983239932422 1.64456428175357 140.920661291715 138.318995455042 107.31303326681 302.135678572569 2.54706744151993 4461.5015151915 -521049.004930025 -509666.41261067
18600 0.185999999999999 0.0105792919219225 0.050525519860629 1.56814482473737 140.944191836419 138.318120523244 107.181360833353 302.754712289963 2.54978689187154 4470.64250734826 -521041.395110066 -509488.008514647
18700 0.186999999999999 0.0104611537706041 0.00621621834006592 1.61818400424247 140.980149205532 138.341238848292 107.049688399897 302.025052711566 2.55184551873601 4459.86795291638 -521013.865057985 -509452.590897684
18800 0.187999999999999 -0.0116705120118402 -0.0305492637453399 1.62158164245875 141.02199585761 138.378343156856 106.918015966441 302.906358756812 2.55354513959108 4472.88180243853 -521009.945409686 -509681.29880347
18900 0.188999999999999 0.0194924608636453 0.0235827758950771 1.59179448741907 141.021628253735 138.399387231929 106.786343532985 303.014447115123 2.55631168724939 4474.47789455402 -520994.866397936 -509431.353066407
19000 0.189999999999999 -0.0257181388430974 0.0050364461608395 1.62503764715556 141.039762109161 138.455633904181 106.654671099529 303.863106181241 2.55809891721398 4487.00966083616 -520990.602991629 -509551.730437733
19100 0.190999999999999 -0.00564471008750518 -0.0198708497506935 1.59873263985252 141.059202305707 138.484059156064 106.522998666072 303.739395349816 2.56038233315534 4485.18287869492 -520972.16005791 -509676.122209098
19200 0.191999999999999 0.0309882484297156 -0.0105833746195317 1.63580313854873 141.089051439422 138.493657356998 106.391326232616 303.498385664157 2.56283114479194 4481.62399719233 -520951.78834572 -509306.871771081
19300 0.192999999999999 -0.00908488617850506 -0.000128810304071493 1.60856385024093 141.139127949116 138.51690361216 106.25965379916 303.127861066015 2.56466598940222 4476.15262729707 -520929.674530598 -509541.09510068
19400 0.193999999999999 0.0023493162867695 0.0247772390699013 1.61198639605488 141.154517405081 138.524081276965 106.127981365704 303.169947164151 2.56743495669806 4476.77409375707 -520913.714557645 -509360.298336232
19500 0.194999999999999 0.00059376114972067 -0.016461941346529 1.64062996850308 141.177187777882 138.571665817258 105.996308932248 303.723437892061 2.56932893084057 4484.94724210181 -520905.314994737 -509410.855630416
19600 0.195999999999999 0.018099200592666 0.00151179601971098 1.62956537526843 141.190328434652 138.599376966006 105.864636498791 303.925686346038 2.57177089231782 4487.93375395015 -520891.679985668 -509295.660963135
19700 0.196999999999999 -0.0136655805014921 0.0171579133210848 1.64845900317539 141.231560097643 138.613417101832 105.732964065335 304.133700416581 2.57396110588672 4491.0054040621 -520878.311856967 -509273.319391612
19800 0.197999999999999 -0.00986641945851557 -0.00220517456596064 1.63802953125891 141.270394129089 138.632957468635 105.601291631879 304.723330818759 2.57609893812147 4499.71221070323 -520870.52661907 -509374.576498209
19900 0.198999999999999 0.0202294598324395 0.00785950606042733 1.66803497263891 141.281147822848 138.656671480142 105.469619198423 304.70707562427 2.57867761714662 4499.47217756585 -520853.96741111 -509063.64235566
20000 0.199999999999999 -0.00530947242579318 -0.00561876624674544 1.68463493086118 141.302969908044 138.696816937819 105.337946764967 303.279391484132 2.58075501943792 4478.39020874796 -520816.512181275 -509149.421747165
20100 0.200999999999999 -0.0114737494113675 0.0080444558027525 1.67017764385072 141.321818147474 138.722148960034 105.20627433151 304.719524105583 2.58316857387258 4499.65599868391 -520821.58808906 -509169.807240854
20200 0.201999999999999 0.014742240585501 0.00372039222831036 1.67081218746704 141.343898176225 138.74245317328 105.074601898054 304.781485159313 2.58562314456897 4500.57094966356 -520806.404773966 -509063.927818752
20300 0.202999999999999 0.000965558252332889 -0.0036510149788227 1.66830046828596 141.372023613228 138.767858213494 104.942929464598 305.69616900228 2.5878784289917 4514.07767409478 -520803.817358087 -509155.485849176
20400 0.203999999999999 -0.015260483616847 -0.00633248336258757 1.6697808553744 141.408434508687 138.787600492712 104.811257031142 305.81417571959 2.59009386076864 4515.82022615143 -520789.503141899 -509220.11231638
20500 0.204999999999999 0.00967120866314948 0.0347097780605107 1.68441109847511 141.436648907654 138.794260294662 104.679584597686 304.593892031957 2.5927100946747 4497.80084642422 -520755.341094531 -508866.482277701
20600 0.205999999999999 0.00959058524967699 -0.0248047772168607 1.70258635500636 141.462662694182 138.832541476419 104.547912164229 306.039556832866 2.59478242147031 4519.14832756311 -520760.654272713 -509033.290898861
20700 0.206999999999999 -0.00803047227193997 0.0045311518595452 1.68750289859418 141.469253025677 138.865169569603 104.416239730773 306.287990364623 2.59732308364722 4522.8168336581 -520748.489746711 -509038.884875275
20800 0.207999999999999 -0.00912545850762801 0.000792161614989518 1.7036812871308 141.485789059663 138.891868632545 104.284567297317 306.649652890251 2.59979873559294 4528.15734131909 -520737.979806997 -508981.509813462
20900 0.208999999999999 0.0303022485441133 -0.0261772453865591 1.70643403193541 141.518242592709 138.906690742116 104.152894863861 306.031724047724 2.60221080975317 4519.03266435197 -520712.974599762 -508907.535504788
21000 0.209999999999999 -0.000377242603679143 0.00653829784625732 1.73371327788437 141.554034906787 138.923895509065 104.021222430404 307.238213790145 2.60452334646829 4536.8483551016 -520715.096522183 -508773.54884172
21100 0.210999999999999 -0.0119631616543955 0.0278661853395322 1.73828618956159 141.581781704717 138.937187071425 103.889549996948 306.909813998177 2.6070638847499 4531.99902325051 -520694.336614212 -508703.990947524
21200 0.211999999999999 0.00213255272056211 -0.0399088277199645 1.73466914719987 141.60306302403 138.975491640239 103.757877563492 306.811997940955 2.60926066697957 4530.55461757962 -520677.438348729 -508938.220126691
21300 0.212999999999999 0.0136435866751528 0.012631172400976 1.77122610053537 141.60958125971 138.985604224342 103.626205130036 307.875678253384 2.61226578088297 4546.26150578297 -520677.401076873 -508503.86208022
21400 0.213999999999999 -0.0174313488916934 0.0168900042410402 1.71244607489084 141.634459536963 139.020094115821 103.49453269658 306.781256330555 2.61448104756279 4530.10067006164 -520645.725260639 -508857.709291575
21500 0.214999999999999 -0.0274127555233407 -0.00634600861898788 1.78539250743893 141.66668155073 139.04205561573 103.362860263123 308.165422594484 2.61680279110187 4550.54002999747 -520650.710030969 -508680.40569052
21600 0.215999999999999 0.0336012750654867 0.0280798452938924 1.78809023943099 141.66934762231 139.046962425995 103.231187829667 308.571935873376 2.61999878134982 4556.54282853582 -520641.097874141 -508258.646592622
21700 0.216999999999999 -0.0354448583326705 -0.0113477155434661 1.77160212795139 141.713887026233 139.095005545825 103.099515396211 309.015611852371 2.6216145777662 4563.09439193241 -520632.294616374 -508776.4706852
21800 0.217999999999999 0.00971389694751069 0.026420564999323 1.82467182049934 141.714076418428 139.101938474474 102.967842962755 308.859233716046 2.62483268812446 4560.78522640965 -520614.544639151 -508195.663245185
21900 0.218999999999999 0.00900326547746737 -0.00552779778439377 1.83198435156513 141.743684492822 139.128799702014 102.836170529299 308.017612997819 2.62713724790302 4548.35739224148 -520586.614423114 -508293.997100698
22000 0.219999999999999 -0.0159786507729815 -0.0229325573643139 1.80434462782696 141.789197468244 139.147268628976 102.704498095842 308.964683171706 2.62931197232561 4562.34235103798 -520585.202455897 -508580.21987332
22100 0.220999999999999 0.00912321802274007 0.0339490570041907 1.87959397522656 141.806270407952 139.139852216562 102.572825662386 309.924598781158 2.63251055695889 4576.51699259722 -520584.010534632 -507911.84616912
22200 0.221999999999999 -0.00654634836606929 0.00159446792820476 1.83839700945508 141.822386670877 139.188859557205 102.44115322893 309.616897409826 2.63466673876116 4571.97330500327 -520564.089519815 -508278.464427307
22300 0.222999999999999 -0.00538197718222774 -0.0113154155621437 1.87743736749646 141.820826697191 139.227033767868 102.309480795474 311.001435335475 2.63736324741045 4592.41815310034 -520569.334861442 -508156.434369863
22400 0.223999999999999 0.00661703815623756 -0.00635142902539121 1.86812408489621 141.839329496301 139.245606824926 102.177808362018 311.251761613857 2.64006523869003 4596.11460853244 -520557.657700659 -508116.946664339
22500 0.224999999999999 -0.00784232512814821 0.0180812566156768 1.89414797086027 141.875290100005 139.252859375339 102.046135928561 311.143034461557 2.64266410141568 4594.50908363376 -520540.701445794 -507958.321735256
22600 0.225999999999999 -0.00780066318778499 -0.0149267366123876 1.94055612722045 141.904634913779 139.265724264985 101.914463495105 311.073371272605 2.64528682186845 4593.48039869152 -520524.383910308 -507894.627343798
22700 0.226999999999999 0.000307775456505634 0.0131437179736105 1.94895319991426 141.917671590236 139.284935293182 101.782791061649 311.135123734276 2.64810032126041 4594.39226948616 -520510.024499137 -507701.306099161
22800 0.227999999999999 0.0338093014548152 -0.00942362884971583 1.98840929815376 141.938012205449 139.303544681411 101.651118628193 312.341785533037 2.65079635800697 4612.21050091429 -520512.614661157 -507483.721073197
22900 0.228999999999999 -0.0145052409367027 0.00438458036108394 2.03161812406115 141.976435500505 139.314682086155 101.519446194737 312.735396548385 2.65330403282881 4618.02277753672 -520502.786101279 -507439.679099218
23000 0.229999999999999 -0.00889210281228476 0.0189913459612003 1.9574199434507 141.986550338393 139.338509814794 101.38777376128 312.975992000357 2.65610633272657 4621.57554223697 -520490.954382325 -507658.468298601
23100 0.230999999999999 0.00608536102725281 -0.0303196032522998 2.00986630557058 141.99560401033 139.374799881916 101.256101327824 313.642241823411 2.65869828737353 4631.41375336483 -520485.494360025 -507575.6593369
23200 0.231999999999999 0.00270706627773941 0.00102152725995344 2.02620477589919 142.021694464854 139.385376869945 101.124428894368 314.211241712621 2.66146909951346 4639.81591851078 -520478.277054586 -507384.151372023
23300 0.232999999999999 0.00626946561315955 0.0197288378853435 2.06184948997606 142.043529956428 139.393203446239 100.992756460912 314.135351647252 2.66437980072427 4638.69528408842 -520461.644577418 -507136.935713156
23400 0.233999999999999 -0.00431353413779968 -0.0116261120246212 2.12394954595129 142.07188255618 139.419255989571 100.861084027455 314.7081922309 2.66682726264573 4647.1541630397 -520454.401284386 -507045.402213637
23500 0.234999999999999 0.00675939814328978 0.00407904672748263 2.08833929091068 142.07911101254 139.437438245031 100.729411593999 315.441217390867 2.66982927201334 4657.97841549913 -520449.471598395 -507076.169468725
23600 0.235999999999999 -0.0201248205102194 0.0141751650025561 2.18332726403673 142.105569517095 139.457479571515 100.597739160543 315.965873026936 2.6724419594908 4665.72576902696 -520441.404996671 -506744.524724258
23700 0.236999999999999 0.00878998328800312 0.00352688746885315 2.196451535512 142.108569843178 139.491256346344 100.466066727087 315.016195410557 2.67524006119966 4651.70230730131 -520411.193359032 -506607.718376347
23800 0.237999999999999 0.0133307272046146 -0.0195682614185976 2.17461048984133 142.119926200284 139.521766759083 100.334394293631 317.252877527406 2.67795108590137 4684.73038495327 -520428.140403444 -506768.106511402
23900 0.238999999999999 0.0131938914264744 -0.00372053093565126 2.25663240397181 142.129692221281 139.543462740773 100.202721860174 316.891693244617 2.680868944437 4679.39693928893 -520406.727516304 -506357.701610222
24000 0.239999999999999 -0.00223612014806901 0.00893288382839389 2.279675499154 142.167908565415 139.545022811705 100.071049426718 317.398376401679 2.68364480474695 4686.87890131219 -520397.585158036 -506267.060007214
24100 0.240999999999999 0.00326815288700344 -0.00126680224928376 2.30519442451956 142.204283797915 139.548858458169 99.939376993262 317.767666318183 2.68641935856379 4692.33203921968 -520386.432273722 -506174.286718992
24200 0.241999999999999 -0.00792082044795882 -0.00535760237727754 2.33894052227476 142.227825910228 139.567749697415 99.8077045598058 319.186871377345 2.68915415340667 4713.28880126689 -520390.68605939 -506091.147970291
24300 0.242999999999999 0.0313287645001435 0.00397829319833638 2.39691611246131 142.211021822886 139.608833976667 99.6760321263496 319.263964646521 2.69223220809472 4714.42720285808 -520374.724475717 -505646.271438755
24400 0.243999999999999 -0.00588188847004498 0.0126835918707729 2.41747327706195 142.233034247664 139.631474883414 99.5443596928934 319.347152249895 2.69493910374175 4715.6555967381 -520358.656383533 -505671.725074616
24500 0.244999999999999 -0.0390804085171619 0.0145456485456693 2.44690461292447 142.284160050345 139.622186379902 99.4126872594372 321.399659171872 2.69771838294888 4745.96404222062 -520371.322121187 -505672.183006132
24600 0.245999999999999 0.0312764096378577 -0.0117138495435607 2.51504142655182 142.295348484231 139.643480643422 99.281014825981 321.478774294896 2.70067197175551 4747.13229961715 -520354.624826443 -505204.552901532
24700 0.246999999999999 0.0170170155247085 -0.00625753263425023 2.53780584411354 142.295646696475 139.67533148943 99.1493423925247 321.915280770257 2.70363619019526 4753.57799418196 -520342.815635024 -505140.464002903
24800 0.247999999999999 -0.0152566540667008 0.00270806499226814 2.62863432675989 142.312414285306 139.707205865024 99.0176699590686 322.05148366579 2.70629489310235 4755.58924100878 -520326.203687307 -504855.553225163
24900 0.248999999999999 -0.002518204595297 0.00128297282116408 2.62943970737931 142.331895323348 139.717413405187 98.8859975256123 323.525686767517 2.70932962240811 4777.35813438518 -520328.996870522 -504798.998712015
25000 0.249999999999999 0.0200273266716278 -0.00496007179850564 2.75443727647577 142.355721221865 139.728466902355 98.7543250921561 324.285189645998 2.71227342345782 4788.5733713911 -520320.755106276 -504213.745898833
25100 0.250999999999999 -0.00815693860122074 0.0214244235360583 2.7644728212395 142.386433904058 139.737612805117 98.6226526586999 325.440854255744 2.71513108073873 4805.63855029282 -520317.790806117 -504172.006384497
25200 0.251999999999999 0.00809516512251779 -0.0205078612245717 2.87484752142488 142.390498429181 139.773203281416 98.4909802252437 325.565071580519 2.71799106948359 4807.4728115933 -520299.10031255 -503818.012038884
25300 0.252999999999999 0.0101958871577003 -0.00748771104203288 2.87781899448183 142.399315958921 139.795338190158 98.3593077917875 326.3650785331 2.72103017470548 4819.28615402265 -520289.919063791 -503736.353644987
25400 0.253999999999999 0.00421032650137545 0.000312547769505074 2.98478053448979 142.43535144923 139.803172838685 98.2276353583313 326.946337987637 2.72383568344993 4827.86935064938 -520276.887555607 -503284.164401947
25500 0.254999999999999 -0.0132218809711868 0.00340015306518024 3.04451383758914 142.474186389292 139.799104468029 98.0959629248751 328.444113624117 2.72682774450597 4849.98632903188 -520276.596098967 -503090.599195722
25600 0.255999999999999 -0.00477114389479551 0.0178209019642531 3.11513546179649 142.49008730643 139.818345756629 97.9642904914189 329.512410017855 2.72981241278418 4865.76138082932 -520269.407057494 -502701.489239191
25700 0.256999999999999 -0.00208249220214249 -0.0363165330886432 3.14775707472063 142.488135829388 139.871983069078 97.8326180579627 330.764280685889 2.73247565457794 4884.24719127264 -520263.785600604 -502766.136467494
25800 0.257999999999999 0.00906555703548599 -0.00794579754120805 3.32936353393192 142.512950798468 139.880534725777 97.7009456245065 331.225946172922 2.73551455757583 4891.06439763384 -520245.728084132 -501859.255317223
25900 0.258999999999999 0.0103910971875199 0.0103224566292013 3.44881656397306 142.544610707389 139.882167192901 97.5692731910503 332.33094961896 2.73856585775817 4907.38148594358 -520236.066845114 -501285.511454194
26000 0.259999999999999 -0.0286482445840095 0.0111635036562431 3.49388388704353 142.57280672263 139.909466895984 97.4376007575941 333.33080033706 2.74118931969609 4922.14583126963 -520223.884959141 -501244.22899703
26100 0.260999999999999 0.00734885195576105 0.0104622030176793 3.58046237434189 142.566437424359 139.939222285896 97.3059283241379 334.007286584282 2.74443759718799 4932.13519906374 -520206.106636937 -500740.860014888
26200 0.261999999999999 -0.00452353428956626 -0.0139608386527623 3.71737743501005 142.597342512152 139.961902430694 97.1742558906816 334.642991880293 2.74711551121486 4941.52237291481 -520186.21571392 -500319.751198831
26300 0.262999999999999 0.010648224719998 -0.0183084494232416 3.79873012893092 142.624762919841 139.980036438359 97.0425834572254 336.292534942468 2.74995778053575 4965.88043253238 -520180.471772694 -499933.528280852
26400 0.263999999999999 0.00498072519489985 0.0216670948518326 3.98068017363246 142.651178057131 139.977952700827 96.9109110237692 337.34407459169 2.7532252109976 4981.40804502904 -520164.298977988 -499049.303233884
26500 0.264999999999999 0.00463838470824383 -0.0129485647704806 4.09428746705861 142.673646200293 140.01938289664 96.779238590313 338.609842018139 2.7557213008457 5000.09906264622 -520149.652786769 -498714.222663941
26600 0.265999999999999 -0.00668016902385615 0.00279609547538465 4.26548822962071 142.676901787211 140.060744350558 96.6475661568568 339.760457673013 2.75859783965841 5017.08968590487 -520131.686652126 -497990.703503704
26700 0.266999999999999 0.0070785301633232 0.0189178491541385 4.31128593245715 142.720821017671 140.052574125987 96.5158937234006 340.636559484983 2.76167231583577 5030.02668685767 -520107.985281109 -497669.378646051
26800 0.267999999999999 -0.00807625916102021 -0.00897575784131792 4.57502287402725 142.761880774063 140.076443687735 96.3842212899444 342.205638057321 2.76417861544426 5053.19656358661 -520092.833129174 -496761.865100442
26900 0.268999999999999 0.00216542486903024 0.000752326730473568 4.65761872202195 142.748502100094 140.128827961575 96.2525488564882 344.652562575203 2.76718455850133 5089.32919610345 -520088.748413215 -496330.654289719
27000 0.269999999999999 0.0189069924814555 0.0106692450954449 4.89120424945777 142.775123927696 140.154103922761 96.120876423032 345.060178054573 2.76995891090394 5095.34827033995 -520052.324648224 -495265.491483792
27100 0.270999999999999 -0.0119644899217406 -0.0106743129006099 5.05074211289517 142.822354255124 140.174247107789 95.9892039895758 345.900366183836 2.77244285795845 5107.75495011198 -520020.076182079 -494809.38985387
27200 0.271999999999999 0.0144004960945406 -0.0127365672478226 5.2575369520666 142.834763058658 140.206256106787 95.8575315561195 347.308431736781 2.77537620980823 5128.54722008695 -519993.907496981 -493860.698158524
27300 0.272999999999999 0.00583155410262109 0.0218977386170654 5.49196872454547 142.866831657043 140.227875338147 95.7258591226634 348.898467130698 2.77814157398085 5152.02655676339 -519967.839787211 -492792.69825261
27400 0.273999999999999 -0.00623481426243365 0.0148524627188948 5.69817321355366 142.907321600202 140.251572564965 95.5941866892071 350.267545365163 2.78071008544403 5172.24311856217 -519935.881982564 -492015.07173869
27500 0.274999999999999 0.00246760348535379 -0.0222400048646281 5.89067754218543 142.926268929008 140.301269150067 95.4625142557509 353.529825774387 2.78319021584728 5220.41574437551 -519928.767263253 -491326.441981121
27600 0.275999999999999 0.0222234323876581 -0.0137469713426392 6.17636316796291 142.954405823848 140.330312474807 95.3308418222947 352.997316654007 2.78590914295534 5212.55242198124 -519862.374989912 -490041.653836499
27700 0.276999999999999 -0.00137611270346837 0.00441872440795919 6.42713957120789 143.005601991274 140.353451156795 95.1991693888385 354.295700856261 2.78830391202973 5231.72507683956 -519820.088237201 -489026.001719574
27800 0.277999999999999 0.0151437660318959 0.0282465703476105 6.69244882161897 143.021680341324 140.392550142112 95.0674969553823 355.93796027649 2.79107441239262 5255.97558219631 -519779.347195762 -487772.490293624
27900 0.278999999999999 -0.0187147997086961 -0.00259214358683715 6.96597096826807 143.077952634436 140.42201433461 94.9358245219261 357.377713890787 2.79326005954794 5277.23577550428 -519731.865550083 -486895.996855983
28000 0.279999999999999 -0.00242953492284722 -0.0228915832499319 7.22548347448419 143.108587096856 140.466925360021 94.8041520884699 360.191977699753 2.79564669048728 5318.79274192138 -519700.865712776 -485833.933751885
28100 0.280999999999999 0.00927123120052446 0.0214701701018122 7.56215302201042 143.145511083201 140.494136354336 94.6724796550137 360.637555437052 2.79827072534683 5325.37238772649 -519630.760790084 -484228.324828558
28200 0.281999999999999 -0.032848577867969 0.00341195311575571 7.83204760866106 143.190885871953 140.545965125346 94.5408072215575 362.551848428927 2.80024705751998 5353.63989034029 -519578.198968836 -483338.577588608
28300 0.282999999999999 -0.0228923002387439 0.00243617782700326 8.21223518580074 143.225594277137 140.59163529993 94.4091347881013 364.317865755829 2.8025623335745 5379.71787297727 -519518.914300205 -481739.514143631
28400 0.283999999999999 0.0492023182333606 -0.00581027045644315 8.54534823280148 143.262827611015 140.626533106268 94.2774623546451 365.708291685024 2.80505086402123 5400.24966657137 -519449.014288611 -480109.179360727
28500 0.284999999999999 -0.0205918324277397 -0.00608181719084089 8.85912833587665 143.333733288687 140.667673273936 94.1457899211889 366.288176262988 2.80676332630641 5408.81256101485 -519362.627804995 -479072.45388709
28600 0.285999999999999 -0.0259897879842274 -0.001471831490095 9.25030181510205 143.376688678217 140.713251218811 94.0141174877326 368.123841838454 2.80894215898611 5435.91900797608 -519289.506460665 -477458.757976593
28700 0.286999999999999 0.00728348791174394 -0.0167445482763043 9.67018561818255 143.412811470954 140.774808756499 93.8824450542764 370.316108216822 2.81094356344038 5468.2912184181 -519215.926857292 -475651.986753826
28800 0.287999999999999 0.00636277421340997 0.021075898268331 10.0504602288969 143.466769661663 140.816314468251 93.7507726208202 371.548612573734 2.81300345125303 5486.49105526565 -519122.699678175 -473924.595035706
28900 0.288999999999999 -0.0131330342552172 -0.011912038926291 10.4521622726021 143.533941397438 140.872859961757 93.619100187364 372.69249717498 2.81451137941993 5503.38228408633 -519021.973675691 -472452.908643488
29000 0.289999999999999 0.0377269736434694 0.0098019413851879 10.8852026961622 143.578065547993 140.922868325102 93.4874277539078 373.83353169487 2.81660944486132 5520.23142703902 -518915.27071064 -470370.140525952
29100 0.290999999999999 0.022480665427691 0.0682916485586057 11.3052320544265 143.644797248539 140.964076841286 93.3557553204516 374.234429244982 2.81844759717109 5526.15130063922 -518791.150062009 -468446.176073968
29200 0.291999999999999 -0.00277965259474094 -0.0174355939138729 11.7045913153334 143.693648382831 141.051892570054 93.2240828869954 376.020833272742 2.81971233917237 5552.53032450774 -518680.901241667 -467196.035943618
29300 0.292999999999999 0.0178441399183327 0.00232265962217066 12.233730722176 143.767137842049 141.083938369323 93.0924104535392 377.938389742944 2.82161617823588 5580.84601743645 -518565.908038795 -464846.389615594
29400 0.293999999999999 -0.0147754177636085 -0.0499430322012069 12.6955967924754 143.823471335998 141.157663778344 92.960738020083 379.499341944112 2.82303083689165 5603.89589570159 -518438.500476692 -463239.851581632
29500 0.294999999999999 -0.0127741406044982 0.0118674354820365 13.2223119686497 143.891518121544 141.220683495804 92.8290655866268 379.307721479251 2.82443725389431 5601.0663225828 -518277.86936261 -460789.214441722
29600 0.295999999999999 -0.0108032522525863 0.0455460788940843 13.6667243094285 143.957360402887 141.277773179554 92.6973931531706 381.888976372303 2.82601314063578 5639.18255126143 -518150.433018589 -458769.637362654
29700 0.296999999999999 0.0307140354242009 -0.0101141738493848 14.1435091948212 144.027157978727 141.358612891853 92.5657207197143 382.331150419507 2.82704395439044 5645.71193630758 -517983.389815531 -456801.689853127
29800 0.297999999999999 0.0187288128301171 -0.00575516481913833 14.6773930802817 144.103563253411 141.420770554012 92.4340482862582 382.403510869886 2.82832635716845 5646.78045049476 -517803.20111748 -454583.147800617
29900 0.298999999999999 0.0177784505717414 0.00525435715241444 15.2223407819651 144.151957751498 141.501194132671 92.3023758528019 383.191958455102 2.82980092366108 5658.42310095135 -517625.517829325 -452249.81876967
30000 0.299999999999999 0.00321255462049692 0.024428367046306 15.7647099684567 144.244897128192 141.571043273239 92.1707034193457 383.672294367216 2.83062032686697 5665.51600507252 -517434.599434197 -449927.16328908
30100 0.300999999999999 -0.0189851137871479 0.00608624359470233 16.2468852845789 144.32239618729 141.646272304988 92.0390309858895 385.939676969905 2.83164297946711 5698.9974229746 -517261.728586227 -448014.351099844
30200 0.301999999999999 0.0365017485253309 0.0171323102784144 16.8416100428455 144.391783000847 141.724666963979 91.9073585524333 385.967022911107 2.83276928520577 5699.40122817458 -517046.807983694 -445236.811493106
30300 0.302999999999999 0.0335316253978029 -0.0108647913193993 17.388703570608 144.471071394878 141.805976457114 91.7756861189771 386.822580786943 2.83365090339685 5712.03486607332 -516835.02174906 -443014.001483739
30400 0.303999999999999 0.0190745228696306 0.0236673262897537 17.9650481328747 144.567516319247 141.878756610596 91.6440136855209 386.660217455291 2.83437441175977 5709.63731986627 -516598.861578918 -440465.173798995
30500 0.304999999999999 0.0609629085433714 0.0129657857923949 18.5447254360187 144.634945923145 141.977931564364 91.5123412520647 386.561793930098 2.83514754399167 5708.1839439894 -516354.277629158 -437852.959128305
30600 0.305999999999999 -0.0184340225128155 0.00591017701156026 19.0885236202482 144.737907785614 142.052698112797 91.3806688186085 388.007493317638 2.83571972333873 5729.53193585349 -516123.11277531 -435827.416036212
30700 0.306999999999999 0.00838546840103276 0.0309638105733279 19.729149734684 144.821477774317 142.142129793697 91.2489963851523 387.32100929341 2.83638724725424 5719.39493538828 -515850.588123288 -432876.304176774
30800 0.307999999999999 0.0345443629941041 0.0101790150362109 20.3316563370583 144.905417091853 142.234284761859 91.1173239516961 388.482756418454 2.83700135292807 5736.54993205449 -515595.35343798 -430245.566218631
30900 0.308999999999999 0.0372640337499238 0.0182053185664681 20.9315984743689 145.002583061475 142.320394333759 90.9856515182398 387.658306144259 2.83748534590066 5724.37564610156 -515300.691341592 -427591.025090789
31000 0.309999999999999 -0.0234042954993512 0.0257943166074359 21.5092768206988 145.107053778935 142.409543254302 90.8539790847836 387.670524258762 2.83777424743709 5724.55606549668 -515008.164868242 -425257.544590983
31100 0.310999999999999 0.00927491559720398 0.0126179079045163 22.0985545357458 145.197764924106 142.510901126588 90.7223066513274 388.417893707955 2.83809750926138 5735.59213361593 -514716.176787298 -422586.422966559
31200 0.311999999999999 0.00814235495656685 0.00883305969526592 22.7306843398305 145.29923680777 142.598805602305 90.5906342178712 388.251973277684 2.83848688907509 5733.1420613353 -514400.087353439 -419835.314967856
31300 0.312999999999999 0.0158687353950314 -0.0104943279865697 23.3307720628357 145.391396451176 142.703758750696 90.458961784415 388.12868107041 2.83872743180699 5731.32146082839 -514073.820772191 -417220.498109185
31400 0.313999999999999 0.017822098640586 -0.000211892250127114 23.9565068300432 145.49725419531 142.807772586956 90.3272893509588 387.632840206312 2.8387280773173 5723.99960206309 -513731.341259509 -414394.241163662
31500 0.314999999999999 -0.000974269801658724 0.0330798392412277 24.5648547668288 145.610242299219 142.895898025828 90.1956169175026 387.695840236537 2.83891437389789 5724.92989514081 -513386.090667683 -411622.311285573
31600 0.315999999999999 0.0410321820368718 0.0127545633695239 25.2287364095309 145.697893781239 143.007912035895 90.0639444840464 386.602677461908 2.83912890121033 5708.78765269396 -513012.676929484 -408595.718314722
31700 0.316999999999999 -0.00309338440767498 -0.024915975650648 25.8054018448059 145.813841173767 143.116098489965 89.9322720505902 386.137351138099 2.83887721464403 5701.91638840457 -512637.370807054 -406286.289329245
31800 0.317999999999999 -0.00195128082056412 0.0336060543650429 26.4200462325148 145.932929773724 143.215570634707 89.800599617134 384.864696236082 2.83874667094948 5683.12366653705 -512238.759184993 -403268.848288366
31900 0.318999999999999 0.0120587922014716 0.00642436569051507 27.0757018775844 146.03310005251 143.321076887492 89.6689271836778 385.123508407333 2.83887370731325 5686.94542932799 -511851.728812137 -400374.002824397
32000 0.319999999999999 0.00775220332390559 -0.00107985902390304 27.6923211329919 146.142293926035 143.441112623647 89.5372547502216 384.030372951258 2.83854689784194 5670.80359028194 -511433.088930813 -397597.54409276
32100 0.320999999999999 0.0379711173895568 0.0148018454204803 28.2825412808219 146.259803142997 143.5540030863 89.4055823167654 382.665048144881 2.83820973587983 5650.64245366558 -510998.897587991 -394685.532855885
32200 0.321999999999999 -0.00132596204346248 -0.016006667006426 28.9289064060905 146.370303556171 143.664016199085 89.2739098833091 381.944951161501 2.83807508625836 5640.00910576833 -510562.642054842 -392003.989241183
32300 0.322999999999999 0.0476984342459017 0.058714048775838 29.5464429853477 146.48609320949 143.770720493835 89.142237449853 382.365896523435 2.83791273894089 5646.22501637827 -510131.512234209 -388664.827368215
32400 0.323999999999999 -0.0101804306974765 -0.00172882091237345 30.1506093273779 146.60775334293 143.894219304251 89.0105650163967 380.375358189958 2.83731510485812 5616.83163313796 -509652.952393001 -386293.215355842
32500 0.324999999999999 0.020422536308023 0.0372848065053151 30.7840620555111 146.724977745908 144.00954654456 88.8788925829405 378.679151981478 2.83697457608374 5591.7845198511 -509167.034907094 -383071.200341545
32600 0.325999999999999 0.0323915809393868 0.048742830895868 31.4127110942559 146.842955927604 144.123354052797 88.7472201494843 377.14761785637 2.83665929401803 5569.16904506832 -508671.532520111 -380036.864266504
32700 0.326999999999999 -0.0203162831054468 -0.0177664339801459 32.0243735025413 146.967686161656 144.248827275467 88.6155477160281 376.648859881369 2.83599420963181 5561.80411063988 -508179.598401577 -377598.70155514
32800 0.327999999999999 0.0268865125620821 0.0350727177250711 32.6030071314494 147.089329214189 144.365689314743 88.4838752825719 376.074758071828 2.83556836520474 5553.32660773375 -507674.541301105 -374430.330459361
32900 0.328999999999999 0.00521296240938096 -0.0155991269991136 33.2276961852194 147.207327746096 144.494535826297 88.3522028491157 373.088802858166 2.83498769649824 5509.23435165533 -507121.851043927 -371735.965206076
33000 0.329999999999999 0.00719139696428978 0.0238604192343894 33.817255063029 147.345441584995 144.605622456237 88.2205304156595 372.779537902179 2.83437863217997 5504.66757531084 -506597.203840709 -368720.305990522
33100 0.330999999999999 0.0379353369131135 0.0247187612851956 34.3899355585828 147.464792392767 144.744287160887 88.0888579822033 371.448492398685 2.83360074849921 5485.01262572435 -506045.036032772 -365787.607158761
33200 0.331999999999999 -0.0282700635102851 -0.0116126237869576 34.9868918702965 147.601815842588 144.861877676401 87.9571855487471 368.69997135067 2.83290674791659 5444.42645305455 -505460.385108074 -363275.970846754
33300 0.332999999999999 0.0573810951217413 0.0344799784079247 35.5774712175389 147.714790115039 144.995549724789 87.8255131152908 367.088150901674 2.83237050605682 5420.62542627947 -504880.517450522 -359867.18865208
33400 0.333999999999999 0.0133226348352396 0.0492533610397741 36.153703762262 147.857390090822 145.110072167906 87.6938406818346 365.377795386472 2.83165101926696 5395.3693765516 -504287.120304582 -357122.54419818
33500 0.334999999999999 0.00759205526520796 0.000515720593932232 36.723135892988 147.981960057197 145.24558540791 87.5621682483784 363.276662333318 2.83087823815033 5364.34289088611 -503676.567719483 -354487.932783009
33600 0.335999999999999 0.024321159793159 0.0658442117348527 37.2747824946975 148.118475531254 145.367400168493 87.4304958149222 360.560412641344 2.8301549627678 5324.23325479932 -503044.878085344 -351377.640475297
33700 0.336999999999999 -0.00313710689896967 0.000705409087689784 37.8002379161952 148.250233319386 145.508697957313 87.298823381466 358.54900660155 2.82915462011608 5294.53172753646 -502412.006393352 -349026.799740575
33800 0.337999999999999 0.000156996107568964 -0.00993494192537072 38.3328108475163 148.382985959598 145.639213938668 87.1671509480098 357.249295820959 2.82835637432711 5275.33948369319 -501778.241703888 -346312.028504528
33900 0.338999999999999 0.00737571982948247 0.0181276340015956 38.8721432863903 148.516564959109 145.765899748562 87.0354785145536 355.622520609384 2.82762790433553 5251.31762667316 -501128.033840144 -343394.614446963
34000 0.339999999999999 -0.0117716185975511 0.0134569589431614 39.3678977602114 148.653930733796 145.893839837438 86.9038060810974 353.209389398832 2.82681419921362 5215.68400470869 -500454.765261427 -340862.523332895
34100 0.340999999999999 0.0571582396096394 0.0361479701383204 39.8496493983989 148.784770220069 146.037468750812 86.7721336476412 349.583906630427 2.82583215017037 5162.14813320567 -499752.535407213 -337911.081927651
34200 0.341999999999999 0.0528398734642292 0.0726205486502672 40.3417483642851 148.924770320161 146.162974558618 86.640461214185 347.714077073479 2.8250383419346 5134.53720211377 -499065.073675797 -335150.204654688
34300 0.342999999999999 0.026217599448188 0.0136360011064611 40.806145484865 149.056898372344 146.304380552994 86.5087887807288 346.214706130263 2.82409806066789 5112.39666655506 -498372.297648635 -332939.957037705
34400 0.343999999999999 0.0213874224219967 0.0200872622304951 41.2311757145316 149.194448820643 146.442050447794 86.3771163472726 343.022644022365 2.82313890515856 5065.26092277843 -497643.838407318 -330528.996120753
34500 0.344999999999999 0.0199559803049293 0.00962621416153705 41.698978462177 149.337593298594 146.569595823662 86.2454439138164 341.024313914771 2.82228075013522 5035.75248191834 -496922.599007477 -327997.398372667
34600 0.345999999999999 0.013278654590967 0.0144220465283926 42.1109737814841 149.4719069754 146.708192873577 86.1137714803602 337.707162825303 2.82138829750559 4986.76960547786 -496171.631660376 -325632.336186809
34700 0.346999999999999 -0.0124256033349417 0.00497159629430025 42.5147194999362 149.608708517244 146.84096595934 85.9820990469039 336.127495968118 2.82057247778387 4963.44337631444 -495436.610276053 -323424.234171727
34800 0.347999999999999 -0.0174508354894895 -0.00803165600750425 42.8428285789194 149.750030702699 146.982287984061 85.8504266134478 331.713519592555 2.81951904544867 4898.26417476951 -494649.879883972 -321421.231625491
34900 0.348999999999999 0.00488250900609462 -0.00448822623590474 43.184375381352 149.89155059069 147.115441881329 85.7187541799915 328.864899236937 2.81863052188412 4856.19988069859 -493877.042868573 -319192.46617292
35000 0.349999999999999 0.054894735988433 0.0292913505823076 43.5169211111931 150.025293276468 147.250294173793 85.5870817465353 325.486382056291 2.8178673156318 4806.31083882255 -493087.366324424 -316768.949474426
35100 0.350999999999999 0.0238835120592215 0.0475551553746949 43.8054794807897 150.168241970452 147.38836931103 85.4554093130791 322.598925164577 2.81688128679075 4763.67306311101 -492296.428090795 -314875.285062798
35200 0.351999999999999 0.0100397621702964 0.0427501732653342 44.0395551092389 150.309069330408 147.529528804385 85.3237368796229 319.609937523342 2.81588818047929 4719.53602854011 -491495.886325042 -313209.974932508
35300 0.352999999999999 0.0174903079215614 0.012345534913306 44.2769510172917 150.448755840485 147.668161417096 85.1920644461667 316.903077291137 2.81497669013154 4679.5650423777 -490691.613642851 -311545.064126932
35400 0.353999999999999 0.0329925847171359 0.0315233982740935 44.4405632690562 150.591362710798 147.80327491063 85.0603920127105 313.181523925798 2.81408955147263 4624.61053962989 -489865.204236489 -309937.545923013
35500 0.354999999999999 0.0327672081606785 0.0187762926279208 44.5564573757342 150.73637825098 147.948261186767 84.9287195792543 309.097370117668 2.81298162743652 4564.30167942069 -489027.2973968 -308685.340628869
35600 0.355999999999999 0.0120489522146327 -0.00609497044723822 44.5290706773639 150.883804881088 148.096806160719 84.7970471457981 306.745818460018 2.8117737008722 4529.57737498494 -488210.206912533 -308115.147120514
35700 0.356999999999999 -0.00263218277006282 0.0399601680560528 44.1290140295624 151.052169633223 148.249411934947 84.6653747123419 307.76393122165 2.81011201603209 4544.61138768451 -487442.749171255 -308683.115486198
35800 0.357999999999999 0.108565582005733 0.11677988635257 42.484869584146 151.242370408964 148.48154807406 84.5337022788856 334.782401438979 2.80655502597999 4943.58097109245 -487076.342073261 -313447.942568029
35900 0.358999999999999 0.245776527108649 0.269153204672621 38.0475823526331 151.601375595492 148.89406729722 84.4020298454294 433.686690917617 2.79650748941197 6404.05607768235 -487845.650184513 -328590.999566247
36000 0.359999999999999 0.722296090718326 0.68942479800454 29.8590058122846 152.305994442782 149.692370345577 84.2703574119732 647.074731195265 2.77305137674236 9555.06118082115 -490531.286162382 -355979.722944553
36100 0.360999999999999 1.57458045567463 1.58410625895559 21.7171169387087 153.611301878301 150.919869916226 84.138684978517 853.656672541319 2.73139243121425 12605.5636857918 -493568.432725213 -380011.823736112
36200 0.361999999999999 2.03582840663607 2.1365968338947 15.9436451083248 155.218364998101 152.511846393262 84.0070125450608 956.98720031364 2.67908929947485 14131.39906015 -495555.704657761 -398195.481715317
36300 0.362999999999999 1.79719496625086 1.98661482648492 12.0290698798964 156.758155964312 154.134247229661 83.8753401116046 973.275855637388 2.62897119585679 14371.9262986101 -496421.814885393 -415377.971962371
36400 0.363999999999999 1.4015411188916 1.53833026982466 9.54693021978438 158.088308754782 155.569020269508 83.7436676781484 967.439584341087 2.58686977294004 14285.7447084234 -496894.594411223 -429103.840008854
36500 0.364999999999999 0.979066582932278 1.16945926812648 7.96011138742593 159.188449701503 156.757650090154 83.6119952446922 950.387968670391 2.55352743835606 14033.9511780774 -497097.182300761 -439182.901184131
36600 0.365999999999999 0.606778420534561 0.720046852973323 6.92724107480099 160.054011343531 157.722755146969 83.480322811236 945.006938354126 2.52815895392544 13954.4919264501 -497390.738674557 -447246.84688924
36700 0.366999999999999 0.437371517272108 0.50875429801615 6.30762631412148 160.713855134816 158.458212641088 83.3486503777798 932.522185610476 2.51005229661507 13770.1352045106 -497530.024831691 -451726.880118855
36800 0.367999999999999 0.281536958889647 0.335600621920104 5.81172114819359 161.233164795554 159.055370128027 83.2169779443236 932.286377385574 2.49651832524801 13766.6531306368 -497835.592314642 -455524.801613169
36900 0.368999999999999 0.160325700510029 0.243873951690616 5.37707776895315 161.640720681566 159.562658460483 83.0853055108674 926.681341748626 2.486240582418 13683.8860933075 -498059.821781457 -458600.948354633
37000 0.369999999999999 0.154871354220911 0.132887450966711 5.19274340517783 161.995940777736 159.947310438932 82.9536330774112 925.384989755771 2.47875114825021 13664.7434471702 -498348.334671966 -460175.740271214
37100 0.370999999999999 0.0971048552398683 0.167832768976013 4.92350668713496 162.279949699311 160.23881620022 82.821960643955 922.23929828309 2.47383832937987 13618.2924376834 -498610.59072906 -461744.402662551
37200 0.371999999999999 0.0708508602257692 0.1058461059926 4.8171433143185 162.5345954551 160.549657847279 82.6902882104987 918.647860925329 2.46910585386353 13565.2592994289 -498872.535449138 -462888.456638826
37300 0.372999999999999 0.0960589979561049 0.16327950518544 4.70973348306415 162.745128159481 160.837738392171 82.5586157770425 909.77059614624 2.46542080584744 13434.1727278271 -499059.367380328 -463284.224246533
37400 0.373999999999999 0.072908890424395 0.110040585443584 4.56338487967251 162.96469068025 161.138724433104 82.4269433435863 904.102665761516 2.46142598188718 13350.4769520785 -499296.369266687 -464571.717851513
37500 0.374999999999999 0.0591585286759331 0.0316626861566147 4.51363205087581 163.171214047007 161.349229342794 82.2952709101301 899.629328136279 2.45903151253898 13284.4211896898 -499550.366388413 -465510.513220592
37600 0.375999999999999 0.0476334190788645 0.0924910586714141 4.42727713456345 163.325493302455 161.54045901282 82.1635984766739 897.160058081103 2.45773283141747 13247.9585906858 -499834.916614003 -465987.664239437
37700 0.376999999999999 0.0118927869480494 0.0391763580015935 4.41744770260786 163.468630266216 161.743036256865 82.0319260432177 884.933821194029 2.45644186327795 13067.4192559919 -499974.927014961 -466743.599576554
37800 0.377999999999999 0.0470897028801543 0.0286537652731608 4.41464484608021 163.589862731068 161.906738871273 81.9002536097615 879.91486759663 2.45608195243963 12993.3066282306 -500220.42052304 -466961.54280705
37900 0.378999999999999 0.0528482848899243 0.0669234377503535 4.38068380604438 163.699004299852 162.033035071 81.7685811763053 873.973235780914 2.45648064684552 12905.569226697 -500450.645113966 -467237.366993892
38000 0.379999999999999 0.00762901999246757 0.0263207658470982 4.37368164533552 163.808036121705 162.190035256767 81.6369087428491 865.199036970131 2.45642489704153 12776.0045838391 -500637.517769465 -467972.209337893
38100 0.380999999999999 0.0164269870074635 0.0599478222266493 4.31778948804302 163.886683199166 162.271759453357 81.5052363093929 859.310677388043 2.45797404054577 12689.0538293913 -500865.450382504 -468360.359717486
38200 0.381999999999999 0.0470544968461657 0.0518288295698098 4.34877118592042 163.999356319549 162.413878455148 81.3735638759367 851.580903201491 2.45810706943833 12574.9117346598 -501064.569145144 -468433.485186411
38300 0.382999999999999 0.00483341175724995 0.0365796277607759 4.36125499249564 164.122433404587 162.537132959522 81.2418914424804 842.501138408158 2.45837904551327 12440.8349365325 -501240.429795472 -468948.480266635
38400 0.383999999999999 0.0122539045942589 0.0173006471597628 4.25221867708654 164.218113056727 162.66782374036 81.1102190090242 836.291726238331 2.45895808361997 12349.14334309 -501455.949945172 -469805.338721242
38500 0.384999999999999 0.0325628942087221 0.0181758224743885 4.36510989378654 164.336481078897 162.795369113464 80.978546575568 829.072492645434 2.45925411124737 12242.540171411 -501651.800578287 -469505.800812489
38600 0.385999999999999 0.0548211882247882 0.0418190828701128 4.41871506653709 164.430039315255 162.872463309118 80.8468741421118 818.588599661851 2.4606925553195 12087.7292445707 -501795.804863834 -469368.008613898
38700 0.386999999999999 0.0167310150770664 0.00786699523621518 4.34709692592166 164.554025985546 162.975350569953 80.7152017086556 812.11505207799 2.46129483994693 11992.1372824081 -501994.351751899 -470314.105292935
38800 0.387999999999999 0.0448439586113477 0.0318704061440433 4.36220637475809 164.649484847216 163.072646960845 80.5835292751994 802.613021125972 2.46241718184255 11851.82507006 -502143.640034779 -470310.063208666
38900 0.388999999999999 -0.0351849225573185 0.0769079400968089 4.34659192883343 164.748375000304 163.171531733194 80.4518568417432 794.201729730367 2.46347302783842 11727.6193175864 -502305.700032228 -470832.59692172
39000 0.389999999999999 0.0467966705149738 0.00931083353390992 4.4179649071573 164.82767196927 163.285452090153 80.320184408287 785.906481133282 2.46460371714634 11605.1271168651 -502463.32688365 -470736.080852897
39100 0.390999999999999 0.0011507684791711 0.0270546134904504 4.42861520565988 164.88965459497 163.378449161408 80.1885119748308 778.279236162178 2.46631805178816 11492.4990248897 -502626.467466541 -471103.37244779
39200 0.391999999999999 0.0137243716098028 0.0439825763037695 4.42553218189886 164.929146607713 163.490540809822 80.0568395413746 768.449169546538 2.46808964736655 11347.3428576098 -502752.332541707 -471270.122211292
39300 0.392999999999999 0.0824669946900471 -0.0021635405169641 4.49599331758272 164.994892209932 163.606314101998 79.9251671079184 761.864872483526 2.46942192886389 11250.1155077586 -502921.157500241 -471129.327827257
39400 0.393999999999999 0.00458519011383401 -0.0115938362833458 4.49591287106481 165.116017778969 163.695778892155 79.7934946744622 754.915497877538 2.47033152765786 11147.497222223 -503079.069700649 -471789.558179935
39500 0.394999999999999 0.00474648611089582 0.0318704170010365 4.53925977098806 165.20142075949 163.739513176866 79.661822241006 747.797489549942 2.47247497367327 11042.3887984555 -503229.187969829 -471672.333558774
39600 0.395999999999999 -2.34619351460062e-05 -0.0135373128458254 4.51694856951236 165.317589615105 163.850265146283 79.5301498075497 739.035824613854 2.47315536725923 10913.0092376812 -503349.810867697 -472252.870863288
39700 0.396999999999999 0.0159873518027983 0.0446842132876244 4.68782986028431 165.36583042309 163.922981984557 79.3984773740935 729.562707149283 2.47543551646479 10773.1239777825 -503453.554926613 -471417.518223361
39800 0.397999999999999 0.0385011806678551 -0.0133878608936512 4.67518961524003 165.457653162595 164.008194610852 79.2668049406373 725.617869993456 2.4768839137321 10714.8723438443 -503633.926932041 -471884.273424221
39900 0.398999999999999 0.015691496837175 0.0359783783108279 4.73442775836474 165.583347627769 164.066212134879 79.1351325071811 711.598144069883 2.47824517801193 10507.8493641482 -503659.467163396 -471744.653464427
40000 0.399999999999999 0.0232226105037403 0.0229913377199208 4.74230673146738 165.687079019292 164.129025774431 79.0034600737249 707.07638669293 2.47987201806527 10441.078609089 -503820.203622043 -471975.373483803
