# Fix print output for fix def1
100 0.000249999999998764 0.0750311914609381 0.0742476193165097 0.0741763605174785 271.801024649014 271.801024649014 271.801024649014 300.184742377988 2.32261887176335 38801.8845246431 -4297426.0624608
200 0.000499999999998783 0.15046865157102 0.150594776111544 0.149296127407216 271.73305740104 271.73305740104 271.73305740104 300.019425858895 2.32436214329816 38780.5157087831 -4297413.74978048
300 0.000749999999998802 0.22624873770197 0.227038050198789 0.226943745307732 271.665090153066 271.665090153066 271.665090153066 300.814860000296 2.32610715984943 38883.3335384205 -4297519.02800198
400 0.000999999999998821 0.301595183971118 0.301047677217374 0.302211541228633 271.597122905091 271.597122905091 271.597122905091 300.083353580826 2.32785392360116 38788.7790071261 -4297420.34747643
500 0.00124999999999884 0.379011418037245 0.378839704239253 0.377624259612271 271.529155657117 271.529155657117 271.529155657117 300.349667580945 2.32960243674064 38823.2027589732 -4297443.77512286
600 0.00149999999999886 0.454889019783151 0.455645931358303 0.454855960538544 271.461188409143 271.461188409143 271.461188409143 300.778433954807 2.33135270145842 38878.6251072073 -4297482.00747146
700 0.00174999999999888 0.530765183024868 0.532036385370552 0.531580331015377 271.393221161169 271.393221161169 271.393221161169 300.006421017064 2.33310471994837 38778.8347027233 -4297358.71684448
800 0.0019999999999989 0.609612106207191 0.609132107845222 0.60861652717991 271.325253913194 271.325253913194 271.325253913194 300.754783299835 2.33485849440766 38875.5680231733 -4297425.80623823
900 0.00224999999999892 0.686537818084482 0.685573646668934 0.686362444265512 271.25728666522 271.25728666522 271.25728666522 300.511573220489 2.33661402703673 38844.1306844889 -4297359.06918996
1000 0.00249999999999893 0.762934480487426 0.762960411836599 0.762704372946208 271.189319417246 271.189319417246 271.189319417246 300.801404216424 2.33837132003937 38881.5942435854 -4297355.74188422
1100 0.00274999999999895 0.840527846180533 0.840702747647313 0.840441065356242 271.121352169272 271.121352169272 271.121352169272 300.995820146672 2.34013037562267 38906.7244497894 -4297334.40206655
1200 0.00299999999999855 0.917733238120751 0.918456151461039 0.918139963681909 271.053384921297 271.053384921297 271.053384921297 300.474086911103 2.34189119599702 38839.2852035477 -4297214.65439542
1300 0.00324999999999857 0.995792711736204 0.995524454614803 0.99561877432254 270.985417673323 270.985417673323 270.985417673323 300.50672359338 2.34365378337617 38843.5038216125 -4297160.58189463
1400 0.00349999999999859 1.07370863247836 1.07213084706663 1.07301886881413 270.917450425349 270.917450425349 270.917450425349 299.905938482953 2.34541813997719 38765.8463287825 -4297017.80761005
1500 0.00374999999999861 1.15242887055167 1.15055944173506 1.15220949614854 270.849483177375 270.849483177375 270.849483177375 300.989822100483 2.34718426802049 38905.9491422447 -4297084.8802087
1600 0.00399999999999863 1.23031486758953 1.2302330840693 1.2298009167168 270.7815159294 270.7815159294 270.7815159294 300.247015524776 2.34895216972982 38809.9339525771 -4296907.36202455
1700 0.00424999999999865 1.30884534876472 1.30911929101259 1.30882072001051 270.713548681426 270.713548681426 270.713548681426 300.713783684116 2.35072184733229 38870.2684122002 -4296877.8748226
1800 0.00449999999999867 1.38681040021985 1.3877321334106 1.38742050789263 270.645581433452 270.645581433452 270.645581433452 300.729553378082 2.35249330305835 38872.3068030905 -4296781.77130359
1900 0.00474999999999869 1.4658874613567 1.46624705979483 1.46618356465529 270.577614185478 270.577614185478 270.577614185478 300.573251889605 2.35426653914184 38852.1032702297 -4296655.12101644
2000 0.00499999999999871 1.54437495112396 1.54536225632928 1.54526475674332 270.509646937503 270.509646937503 270.509646937503 300.424149506905 2.35604155781993 38832.8302938951 -4296521.92774012
2100 0.00524999999999872 1.62382765867736 1.62458120550836 1.62474530999524 270.441679689529 270.441679689529 270.441679689529 300.531285255271 2.35781836133321 38846.6786624151 -4296414.37058817
2200 0.00549999999999874 1.70370409909884 1.70438304034443 1.70370560562475 270.373712441555 270.373712441555 270.373712441555 300.562993926799 2.3595969519256 38850.777325796 -4296290.04156514
2300 0.00574999999999876 1.78389150809006 1.78315761655318 1.78355310210145 270.305745193581 270.305745193581 270.305745193581 300.510182795908 2.36137733184446 38843.9509581858 -4296148.22011705
2400 0.00599999999999878 1.86430838371253 1.86371213108539 1.86367220644616 270.237777945606 270.237777945606 270.237777945606 301.05465881223 2.3631595033405 38914.3299366255 -4296076.83318251
2500 0.0062499999999988 1.94355278961475 1.94337391332848 1.944220143945 270.169810697632 270.169810697632 270.169810697632 300.973386850346 2.36494346866784 38903.8247215533 -4295917.97986969
2600 0.00649999999999882 2.02437784773309 2.02340285660167 2.02484732836595 270.101843449658 270.101843449658 270.101843449658 300.978267264899 2.36672923008402 38904.4555640151 -4295763.70889785
2700 0.00674999999999884 2.10435818905312 2.10402296344718 2.10482715046607 270.033876201684 270.033876201684 270.033876201684 300.590139779191 2.36851678984996 38854.2861991035 -4295552.02481052
2800 0.00699999999999886 2.18494000471343 2.18499127541228 2.18512945535298 269.965908953709 269.965908953709 269.965908953709 300.899602721694 2.37030615023003 38894.2873839223 -4295423.68262734
2900 0.00724999999999887 2.26548276436861 2.26613611314497 2.26629877580334 269.897941705735 269.897941705735 269.897941705735 300.899611716992 2.372097313492 38894.2885466546 -4295248.30011674
3000 0.00749999999999889 2.3466024539475 2.34621541054321 2.34694437792571 269.829974457761 269.829974457761 269.829974457761 300.426411893555 2.37389028190708 38833.122730029 -4295004.56888872
3100 0.00774999999999891 2.42800282573368 2.42760822158496 2.42718295103495 269.762007209787 269.762007209787 269.762007209787 300.487966986733 2.37568505774989 38841.0793423421 -4294822.77968229
3200 0.00799999999999893 2.5095317984119 2.50938866454015 2.5088232623114 269.694039961812 269.694039961812 269.694039961812 300.745501423542 2.37748164329853 38874.3682476976 -4294658.63511919
3300 0.00824999999999895 2.5910106406514 2.59154960481098 2.59052058836318 269.626072713838 269.626072713838 269.626072713838 300.828046742534 2.37928004083451 38885.0380569297 -4294464.60959123
3400 0.00849999999999855 2.67262592766007 2.67232608844415 2.67217757718969 269.558105465864 269.558105465864 269.558105465864 300.616979181663 2.38108025264282 38857.7554606894 -4294225.44668136
3500 0.00874999999999857 2.75450396800551 2.75437920361455 2.75398549394714 269.49013821789 269.49013821789 269.49013821789 300.70343722041 2.38288228101188 38868.9310281387 -4294017.38661128
3600 0.00899999999999859 2.83661557862037 2.83631267556772 2.83647969735935 269.422170969915 269.422170969915 269.422170969915 300.789583469108 2.38468612823361 38880.0662936014 -4293801.98769023
3700 0.00924999999999861 2.91901662155068 2.9190525129365 2.91985498291454 269.354203721941 269.354203721941 269.354203721941 300.608959497755 2.38649179660337 38856.7188362212 -4293544.56205188
3800 0.00949999999999863 3.00196615219432 3.00186310710474 3.00164675956013 269.286236473967 269.286236473967 269.286236473967 300.816549804728 2.38829928842001 38883.551962568 -4293330.16420506
3900 0.00974999999999865 3.08490352681069 3.08378908370103 3.08442405275622 269.218269225993 269.218269225993 269.218269225993 300.96172409452 2.39010860598586 38902.3171935516 -4293100.32611538
4000 0.00999999999999866 3.16744737807306 3.1670036735724 3.16761076660292 269.150301978018 269.150301978018 269.150301978018 300.814407523077 2.39191975160675 38883.2750512081 -4292825.04864981
4100 0.0102499999999987 3.25033319818415 3.25063522576085 3.25074908682628 269.082334730044 269.082334730044 269.082334730044 300.71769327516 2.39373272759198 38870.7737660001 -4292549.03954782
4200 0.0104999999999987 3.33424897859389 3.33444138676056 3.33474425577851 269.01436748207 269.01436748207 269.01436748207 300.984039323362 2.39554753625439 38905.2016603829 -4292312.39099077
4300 0.0107499999999987 3.41765061692548 3.41826788260524 3.41771029850327 268.946400234096 268.946400234096 268.946400234096 301.09019638742 2.39736417991029 38918.9235241539 -4292047.7942712
4400 0.0109999999999987 3.50080504617306 3.50179241404754 3.5019522774235 268.878432986121 268.878432986121 268.878432986121 300.776460907555 2.39918266087952 38878.3700710885 -4291721.37705795
4500 0.0112499999999988 3.58394209064044 3.58538126229479 3.58555318128571 268.810465738147 268.810465738147 268.810465738147 300.466819543608 2.40100298148545 38838.3458235109 -4291388.10336911
4600 0.0114999999999988 3.66860041944598 3.66941368945246 3.66956684722002 268.742498490173 268.742498490173 268.742498490173 300.782405907086 2.40282514405496 38879.1385218214 -4291128.24471678
4700 0.0117499999999988 3.75397568883243 3.75424970264298 3.75364170279558 268.674531242199 268.674531242199 268.674531242199 300.664259266186 2.40464915091847 38863.866885159 -4290804.62191152
4800 0.0119999999999988 3.83787724691081 3.83789109919465 3.83855522694576 268.606563994224 268.606563994224 268.606563994224 300.53849158549 2.40647500440994 38847.6101527727 -4290472.86386026
4900 0.0122499999999988 3.9216649006443 3.92282261404868 3.92242158491259 268.53859674625 268.53859674625 268.53859674625 300.188515837925 2.40830270686687 38802.3722821339 -4290104.36299366
5000 0.0124999999999989 4.00777536219093 4.00708119986362 4.00848229364891 268.470629498276 268.470629498276 268.470629498276 300.880134604011 2.41013226063031 38891.7709347241 -4289862.91062065
5100 0.0127499999999989 4.09296921818175 4.0933015979991 4.09237617373551 268.402662250302 268.402662250302 268.402662250302 300.750508630947 2.41196366804489 38875.0154794056 -4289507.88465315
5200 0.0129999999999989 4.17827649794183 4.17886212263505 4.17869566103593 268.334695002327 268.334695002327 268.334695002327 300.800973302596 2.41379693145878 38881.5385436573 -4289168.4465611
5300 0.0132499999999989 4.26455954068381 4.26413628420138 4.26419276630224 268.266727754353 268.266727754353 268.266727754353 300.869467851219 2.41563205322372 38890.3921500904 -4288823.66375888
5400 0.0134999999999989 4.34883169259048 4.34858253035856 4.35002899955158 268.198760506379 268.198760506379 268.198760506379 300.47200460028 2.41746903569504 38839.016044018 -4288411.08335758
5500 0.0137499999999989 4.43548514721087 4.43537608581589 4.43487134785583 268.130793258405 268.130793258405 268.130793258405 300.762987618272 2.41930788123164 38876.6285135036 -4288079.99795339
5600 0.0139999999999988 4.52206165631048 4.52190889593491 4.52143394813865 268.062826010431 268.062826010431 268.062826010431 300.516421069018 2.42114859219603 38844.7573174661 -4287671.44216577
5700 0.0142499999999986 4.60792973258639 4.60832899563086 4.60745560046993 267.994858762456 267.994858762456 267.994858762456 300.590522144393 2.4229911709543 38854.3356236355 -4287296.89886847
5800 0.0144999999999986 4.69471524649339 4.69455424403067 4.69344038381047 267.926891514482 267.926891514482 267.926891514482 300.456230278019 2.42483561987614 38836.9770548742 -4286887.66150251
5900 0.0147499999999986 4.78101362668867 4.78139106213065 4.78090802589185 267.858924266508 267.858924266508 267.858924266508 300.462457278592 2.42668194133486 38837.7819570663 -4286489.00143996
6000 0.0149999999999986 4.86795141488086 4.86863420804661 4.86802534628257 267.790957018534 267.790957018534 267.790957018534 300.710982267985 2.42853013770737 38869.906301107 -4286114.05336386
6100 0.0152499999999986 4.95560406623306 4.95547424408389 4.95512979880049 267.722989770559 267.722989770559 267.722989770559 300.768837793408 2.43038021137421 38877.3847072339 -4285706.64332859
6200 0.0154999999999987 5.04297283193596 5.04245166587045 5.04169921998929 267.655022522585 267.655022522585 267.655022522585 300.400092799068 2.43223216471956 38829.7207234614 -4285236.46807832
6300 0.0157499999999987 5.13083159511631 5.13030121589798 5.13057270099508 267.587055274611 267.587055274611 267.587055274611 300.701247284491 2.43408600013122 38868.6479569873 -4284844.81312575
6400 0.0159999999999987 5.21851074138542 5.21862602613237 5.21880583716736 267.519088026637 267.519088026637 267.519088026637 300.486775174865 2.43594172000063 38840.9252887213 -4284378.76248741
6500 0.0162499999999987 5.30740337751707 5.30624083054493 5.30524554829329 267.451120778662 267.451120778662 267.451120778662 300.668867487049 2.43779932672288 38864.4625438603 -4283956.52971447
6600 0.0164999999999987 5.39405499427007 5.39440332036446 5.39489548631813 267.383153530688 267.383153530688 267.383153530688 300.520571132186 2.43965882269671 38845.2937546965 -4283483.60240999
6700 0.0167499999999988 5.48206358999515 5.481833960055 5.48248001610692 267.315186282714 267.315186282714 267.315186282714 300.208187920812 2.44152021032454 38804.9150958775 -4282981.71722563
6800 0.0169999999999988 5.57077185928081 5.5717118179442 5.57194561435889 267.24721903474 267.24721903474 267.24721903474 300.861577607687 2.44338349201243 38889.3722570873 -4282596.68830669
6900 0.0172499999999988 5.66037932260934 5.65993999802707 5.66055132064851 267.179251786765 267.179251786765 267.179251786765 300.451606445128 2.44524867017013 38836.379378162 -4282066.49258403
7000 0.0174999999999988 5.74859710797605 5.74808813191093 5.74846319495397 267.111284538791 267.111284538791 267.111284538791 300.148050488989 2.44711574721106 38797.1417304935 -4281542.16479881
7100 0.0177499999999988 5.83762878821912 5.83810507676911 5.83764900869552 267.043317290817 267.043317290817 267.043317290817 300.323467490103 2.44898472555234 38819.8161348186 -4281071.93813285
7200 0.0179999999999989 5.92701255616946 5.92744790720078 5.9279375802227 266.975350042843 266.975350042843 266.975350042843 300.45152488303 2.45085560761478 38836.3688354439 -4280587.48330078
7300 0.0182499999999989 6.01650338945866 6.01746205429861 6.01679125664632 266.907382794868 266.907382794868 266.907382794868 300.517101058573 2.45272839582286 38844.8452129268 -4280087.16093735
7400 0.0184999999999989 6.10741383109599 6.10714683038371 6.10662967321832 266.839415546894 266.839415546894 266.839415546894 300.460567886099 2.45460309260482 38837.537734163 -4279563.27570627
7500 0.0187499999999989 6.19757185840661 6.19710656808769 6.19693348683853 266.77144829892 266.77144829892 266.77144829892 300.799528274228 2.45647970039256 38881.3517592677 -4279082.61133057
7600 0.0189999999999989 6.28702788538023 6.28719619613518 6.2867469856438 266.703481050946 266.703481050946 266.703481050946 300.353148336123 2.45835822162174 38823.6526814423 -4278492.48221986
7700 0.0192499999999989 6.37792951367877 6.37694006402944 6.37818680499904 266.635513802971 266.635513802971 266.635513802971 300.529772201945 2.46023865873172 38846.4830851185 -4277974.63977215
7800 0.0194999999999988 6.46837684426308 6.46884974881155 6.46931594059924 266.567546554997 266.567546554997 266.567546554997 300.719633703543 2.46212101416561 38871.0245858034 -4277450.33221506
7900 0.0197499999999988 6.55862648672866 6.55884567050789 6.55905188781224 266.499579307023 266.499579307023 266.499579307023 300.36880525814 2.46400529037024 38825.6764954286 -4276848.53523794
8000 0.0199999999999986 6.64955515290183 6.64947214889756 6.64961149968111 266.431612059049 266.431612059049 266.431612059049 300.178800557993 2.46589148979621 38801.1164848969 -4276259.48797069
8100 0.0202499999999986 6.74133164377157 6.74157972616213 6.74203844855881 266.363644811074 266.363644811074 266.363644811074 300.429541488574 2.46777961489785 38833.5272615305 -4275719.30217907
8200 0.0204999999999986 6.83304901945349 6.83285677663924 6.83303871750695 266.2956775631 266.2956775631 266.2956775631 300.709411480835 2.46966966813327 38869.7032611353 -4275175.08464177
8300 0.0207499999999986 6.92356950067875 6.92460960912964 6.92462580124297 266.227710315126 266.227710315126 266.227710315126 300.287575373294 2.47156165196433 38815.1767192349 -4274532.02118394
8400 0.0209999999999987 7.01512977676969 7.01602065641158 7.01609789085074 266.159743067152 266.159743067152 266.159743067152 300.124968475355 2.47345556885667 38794.1581490479 -4273914.34456414
8500 0.0212499999999987 7.10870516147981 7.10880884809461 7.10849431604738 266.091775819177 266.091775819177 266.091775819177 300.541710970488 2.47535142127971 38848.0262905283 -4273363.25315777
8600 0.0214999999999987 7.2005570241538 7.20018941359394 7.20025100103157 266.023808571203 266.023808571203 266.023808571203 300.352084089861 2.47724921170665 38823.5151169537 -4272725.9651943
8700 0.0217499999999987 7.29255028871236 7.29272668720303 7.29238298593914 265.955841323229 265.955841323229 265.955841323229 300.090567745275 2.4791489426145 38789.7115101362 -4272071.21818321
8800 0.0219999999999987 7.38585966108614 7.38620957634348 7.38534096600262 265.887874075255 265.887874075255 265.887874075255 300.538794972207 2.48105061648405 38847.6493685445 -4271500.17369492
8900 0.0222499999999988 7.47848960356004 7.47958277871342 7.47893298014254 265.81990682728 265.81990682728 265.81990682728 300.356569804302 2.48295423579991 38824.094940473 -4270839.3468142
9000 0.0224999999999988 7.57190377265086 7.57137689566209 7.5717949421991 265.751939579306 265.751939579306 265.751939579306 300.142962731995 2.48485980305049 38796.4840869444 -4270166.41422656
9100 0.0227499999999988 7.66558470488407 7.66453928928194 7.66478186912613 265.683972331332 265.683972331332 265.683972331332 300.183284503061 2.48676732072805 38801.6960797071 -4269518.12240836
9200 0.0229999999999988 7.7587158420302 7.75923842583815 7.75903648460134 265.616005083358 265.616005083358 265.616005083358 300.317227221244 2.48867679132863 38819.0095175677 -4268873.53355696
9300 0.0232499999999988 7.85280787796906 7.85214647031458 7.85137652998877 265.548037835383 265.548037835383 265.548037835383 300.359833293108 2.49058821735215 38824.5167790873 -4268209.1700847
9400 0.0234999999999988 7.94615624895444 7.94648413997319 7.94587267091567 265.480070587409 265.480070587409 265.480070587409 300.481128225743 2.49250160130235 38840.1953639889 -4267546.66661885
9500 0.0237499999999989 8.04006142274212 8.0401451197154 8.04087564708432 265.412103339435 265.412103339435 265.412103339435 300.285883459499 2.49441694568682 38814.9580224312 -4266834.98610748
9600 0.0239999999999989 8.13414726433052 8.13506658790422 8.13515530944428 265.344136091461 265.344136091461 265.344136091461 300.329942261012 2.496334253017 38820.6530638081 -4266146.15406641
9700 0.0242499999999989 8.2291531247016 8.22949855206388 8.22905709859331 265.276168843486 265.276168843486 265.276168843486 300.127977878814 2.4982535258082 38794.5471445863 -4265417.25488684
9800 0.0244999999999989 8.32373368344953 8.32425886502534 8.32351623892633 265.208201595512 265.208201595512 265.208201595512 300.203216937613 2.5001747665796 38804.2725465109 -4264715.87064193
9900 0.0247499999999989 8.41797978269983 8.41818788040563 8.41848640041484 265.140234347538 265.140234347538 265.140234347538 299.869497795795 2.50209797785424 38761.1360049868 -4263953.37125947
10000 0.024999999999999 8.51418150769769 8.51415181202374 8.51386233286396 265.072267099564 265.072267099564 265.072267099564 299.858643830134 2.50402316215907 38759.7330212147 -4263224.17708218
10100 0.0252499999999988 8.60906305344338 8.6080688054954 8.60985910343468 265.004299851589 265.004299851589 265.004299851589 300.175200032417 2.5059503220249 38800.6510809043 -4262529.28617734
10200 0.0254999999999986 8.70500415645222 8.70529382268869 8.70486069183111 264.936332603615 264.936332603615 264.936332603615 299.820123453155 2.50787945998645 38754.75387668 -4261738.83027784
10300 0.0257499999999986 8.80082281680083 8.80106367018007 8.80024119082967 264.868365355641 264.868365355641 264.868365355641 300.297862049124 2.50981057858235 38816.5063751145 -4261048.11356652
10400 0.0259999999999986 8.8972632719725 8.896680065048 8.89625906971431 264.800398107667 264.800398107667 264.800398107667 299.893541902446 2.51174368035514 38764.2439465911 -4260234.63906271
10500 0.0262499999999986 8.99327458857591 8.99222163557635 8.99256838855727 264.732430859692 264.732430859692 264.732430859692 299.83685046789 2.51367876785126 38756.916010868 -4259457.88132329
10600 0.0264999999999987 9.09035000974463 9.08958106038572 9.09022714072334 264.664463611718 264.664463611718 264.664463611718 300.457848080757 2.5156158436211 38837.1861720817 -4258760.19542144
10700 0.0267499999999987 9.18685235252767 9.18567022292259 9.18543951628614 264.596496363744 264.596496363744 264.596496363744 300.184768847966 2.51755491021895 38801.8879461529 -4257938.69750354
10800 0.0269999999999987 9.2823308497045 9.28336542034592 9.28351178935705 264.52852911577 264.52852911577 264.52852911577 300.297242901327 2.51949597020307 38816.4263440606 -4257158.58501505
10900 0.0272499999999987 9.38040138758162 9.37967767874797 9.37912334565751 264.460561867795 264.460561867795 264.460561867795 300.22836386288 2.52143902613565 38807.5230384668 -4256346.47140787
11000 0.0274999999999987 9.47579936990118 9.47581432483511 9.4761103952285 264.392594619821 264.392594619821 264.392594619821 299.871679205703 2.52338408058284 38761.4179740659 -4255488.77063391
11100 0.0277499999999987 9.57351535845202 9.57359237451281 9.57353137475938 264.324627371847 264.324627371847 264.324627371847 299.928373246467 2.52533113611474 38768.7462466675 -4254675.92677055
11200 0.0279999999999988 9.67114340990918 9.67231560149999 9.67182147626198 264.256660123873 264.256660123873 264.256660123873 300.274164331033 2.52728019530542 38813.4432077011 -4253891.89037265
11300 0.0282499999999988 9.76938785125842 9.76971978594158 9.76941589394503 264.188692875898 264.188692875898 264.188692875898 300.098426898487 2.52923126073294 38790.7273844042 -4253031.9824891
11400 0.0284999999999988 9.86521290210335 9.86688114382747 9.86711253909299 264.120725627924 264.120725627924 264.120725627924 299.879555585328 2.53118433497931 38762.4360750202 -4252158.17043297
11500 0.0287499999999988 9.96567564730364 9.96485483263319 9.96490433060113 264.05275837995 264.05275837995 264.05275837995 299.904794813892 2.53313942063057 38765.6984981017 -4251307.23506936
11600 0.0289999999999988 10.0632499610133 10.0641769080546 10.0631882475941 263.984791131976 263.984791131976 263.984791131976 299.854016098652 2.53509652027673 38759.1348405704 -4250437.90818924
11700 0.0292499999999989 10.1608408567912 10.1621305467677 10.1617418510949 263.916823884001 263.916823884001 263.916823884001 299.758164709688 2.53705563651179 38746.7450885243 -4249554.13980174
11800 0.0294999999999989 10.2591641645392 10.2603557817133 10.26072283775 263.848856636027 263.848856636027 263.848856636027 299.694927703393 2.53901677193379 38738.5710720952 -4248665.84727639
11900 0.0297499999999989 10.359888941227 10.3599136163099 10.3592278694584 263.780889388053 263.780889388053 263.780889388053 299.981636265014 2.54097992914477 38775.6310252832 -4247814.20677986
12000 0.0299999999999989 10.4587299721233 10.4591523080235 10.4586710964005 263.712922140079 263.712922140079 263.712922140079 299.713778591468 2.54294511075081 38741.0077381845 -4246881.8809456
12100 0.0302499999999989 10.5576999496844 10.5585416371399 10.5582217469713 263.644954892104 263.644954892104 263.644954892104 299.721889396833 2.544912319362 38742.0561410137 -4245976.75741357
12200 0.030499999999999 10.6590038099356 10.657299840299 10.6575339279577 263.57698764413 263.57698764413 263.57698764413 300.201023570424 2.54688155759249 38803.9890318336 -4245123.76772897
12300 0.0307499999999988 10.7577257336897 10.7571920005325 10.75808165085 263.509020396156 263.509020396156 263.509020396156 299.926934326387 2.54885282806046 38768.5602518353 -4244164.7205715
12400 0.0309999999999988 10.8577482557899 10.8575904142926 10.857394974494 263.441053148182 263.441053148182 263.441053148182 299.674281723688 2.55082613338816 38735.9023724337 -4243199.65160336
12500 0.0312499999999986 10.9578579730333 10.9578536454435 10.9581985928286 263.373085900208 263.373085900208 263.373085900208 299.846648002441 2.55280147620188 38758.1824403382 -4242280.65553132
12600 0.0314999999999986 11.057758494383 11.0570378543828 11.0583955680868 263.305118652233 263.305118652233 263.305118652233 299.703810835013 2.554778859132 38739.7193058284 -4241312.01969068
12700 0.0317499999999986 11.1573875371719 11.1591097119208 11.158771656891 263.237151404259 263.237151404259 263.237151404259 299.662565473159 2.55675828481297 38734.3879297059 -4240347.71724534
12800 0.0319999999999987 11.2590592585016 11.2599529873102 11.2593119074478 263.169184156285 263.169184156285 263.169184156285 299.888081662183 2.55873975588332 38763.5381558486 -4239408.88467607
12900 0.0322499999999987 11.3596714618689 11.359949273649 11.359194053382 263.101216908311 263.101216908311 263.101216908311 299.306987788928 2.56072327498567 38688.4259526455 -4238356.72668411
13000 0.0324999999999987 11.4605534812068 11.4607175878484 11.4605782838413 263.033249660336 263.033249660336 263.033249660336 299.442949591713 2.56270884476674 38706.0003774134 -4237388.43425224
13100 0.0327499999999987 11.5632291226953 11.5622359309421 11.5617725892297 262.965282412362 262.965282412362 262.965282412362 300.014040175077 2.56469646787735 38779.8195552079 -4236467.3731755
13200 0.0329999999999987 11.664165453867 11.663436926283 11.6640146032575 262.897315164388 262.897315164388 262.897315164388 299.588123294063 2.56668614697245 38724.7655324642 -4235407.94603014
13300 0.0332499999999987 11.7645397944998 11.765506939876 11.7644896170534 262.829347916413 262.829347916413 262.829347916413 299.640814659277 2.56867788471109 38731.5764191612 -4234401.39071607
13400 0.0334999999999988 11.8683744277406 11.8686540261502 11.8674588285204 262.761380668439 262.761380668439 262.761380668439 300.142673705449 2.57067168375647 38796.4467273685 -4233443.61261269
13500 0.0337499999999988 11.9690866083259 11.9699748148398 11.9691452809356 262.693413420465 262.693413420465 262.693413420465 299.706793551289 2.57266754677589 38740.1048517811 -4232355.6095931
13600 0.0339999999999988 12.0702568775223 12.0709456988759 12.0706211597435 262.625446172491 262.625446172491 262.625446172491 299.44063059692 2.57466547644083 38705.70062411 -4231280.54769396
13700 0.0342499999999988 12.1740897447974 12.1742704383817 12.1740830663744 262.557478924516 262.557478924516 262.557478924516 299.81481657336 2.5766654754269 38754.0679093143 -4230278.93553582
13800 0.0344999999999988 12.2769009687796 12.277168220209 12.2759393349038 262.489511676542 262.489511676542 262.489511676542 299.841180634955 2.57866754641388 38757.475728331 -4229223.3049619
13900 0.0347499999999989 12.3798344523817 12.3798817081699 12.379912671057 262.421544428568 262.421544428568 262.421544428568 300.086830218817 2.5806716920857 38789.2283974074 -4228187.11734879
14000 0.0349999999999989 12.4822024208343 12.4828701384708 12.4814254280943 262.353577180594 262.353577180594 262.353577180594 299.966945821822 2.58267791513048 38773.732138365 -4227094.69080517
14100 0.0352499999999989 12.5856307248539 12.5845569401591 12.5856504379882 262.285609932619 262.285609932619 262.285609932619 299.981809906362 2.58468621824051 38775.6534701665 -4226010.74130307
14200 0.0354999999999989 12.6878629051853 12.6883407671126 12.6892362249915 262.217642684645 262.217642684645 262.217642684645 299.651380400973 2.58669660411227 38732.9421470991 -4224873.59459203
14300 0.0357499999999989 12.7918735852064 12.7917914192381 12.7906498408127 262.149675436671 262.149675436671 262.149675436671 299.785228240833 2.58870907544643 38750.2433209861 -4223788.05838965
14400 0.035999999999999 12.896227749149 12.8952067866556 12.8963445564899 262.081708188697 262.081708188697 262.081708188697 299.852215583362 2.59072363494788 38758.9021059358 -4222685.37563583
14500 0.0362499999999988 12.9990230283198 12.998814472814 12.9996447684122 262.013740940723 262.013740940723 262.013740940723 299.660145397725 2.59274028532571 38734.0751107172 -4221540.77498391
14600 0.0364999999999988 13.103601454476 13.1025726259436 13.1039691272625 261.945773692748 261.945773692748 261.945773692748 299.589515758735 2.59475902929322 38724.9455224697 -4220403.3422763
14700 0.0367499999999986 13.2070369540005 13.2087937606069 13.2071695648942 261.877806444774 261.877806444774 261.877806444774 299.840192387554 2.59677986956795 38757.3479874564 -4219299.3001006
14800 0.0369999999999986 13.3114314631559 13.3114661809507 13.3117525922443 261.8098391968 261.8098391968 261.8098391968 299.565226404518 2.59880280887167 38721.8058801612 -4218118.58334727
14900 0.0372499999999986 13.4162655132696 13.4163977139045 13.4154618996354 261.741871948826 261.741871948826 261.741871948826 299.791776695124 2.6008278499304 38751.0897742908 -4216994.51744365
15000 0.0374999999999986 13.5202681489734 13.5219878324019 13.5209555894171 261.673904700851 261.673904700851 261.673904700851 299.794793852198 2.60285499547439 38751.4797720617 -4215833.1085874
15100 0.0377499999999987 13.6247639698401 13.6243951897464 13.6245436959973 261.605937452877 261.605937452877 261.605937452877 299.416164607689 2.60488424823816 38702.5381499569 -4214614.05224767
15200 0.0379999999999987 13.7311006139483 13.7303753351322 13.7294474549731 261.537970204903 261.537970204903 261.537970204903 299.593656048193 2.60691561096049 38725.4806963501 -4213458.25257051
15300 0.0382499999999987 13.8357326512536 13.8361059332252 13.8364526058338 261.470002956929 261.470002956929 261.470002956929 299.732566662244 2.60894908638445 38743.4362845088 -4212288.80273529
15400 0.0384999999999987 13.9421372931194 13.9408888622267 13.9406576038244 261.402035708954 261.402035708954 261.402035708954 299.743675735204 2.61098467725736 38744.8722434544 -4211094.28408404
15500 0.0387499999999987 14.0461214465647 14.0469946440822 14.046251896082 261.33406846098 261.33406846098 261.33406846098 299.669402337537 2.61302238633086 38735.271662903 -4209880.37450717
15600 0.0389999999999988 14.1524392572662 14.1530652243113 14.1522543992939 261.266101213006 261.266101213006 261.266101213006 299.940260358465 2.61506221636085 38770.2827749514 -4208702.23343731
15700 0.0392499999999988 14.2585177329616 14.2587824484543 14.2574774297726 261.198133965032 261.198133965032 261.198133965032 299.657716907446 2.61710417010757 38733.7612040255 -4207443.61391982
15800 0.0394999999999988 14.3622344186261 14.3639351564115 14.3632381913168 261.130166717057 261.130166717057 261.130166717057 299.470745484406 2.61914825033555 38709.5932749405 -4206188.8561622
15900 0.0397499999999988 14.4692910964789 14.4695071030028 14.4692205203262 261.062199469083 261.062199469083 261.062199469083 299.517358057996 2.62119445981365 38715.6184169363 -4204955.40429761
16000 0.0399999999999988 14.5758432387273 14.5765533124062 14.5755927909657 260.994232221109 260.994232221109 260.994232221109 299.715888502089 2.62324280131505 38741.2804652647 -4203732.94860911
16100 0.0402499999999989 14.6823326005821 14.6830090390254 14.6818721783323 260.926264973135 260.926264973135 260.926264973135 299.402162670651 2.62529327761727 38700.728259355 -4202435.39011115
16200 0.0404999999999989 14.7889215434309 14.7894207500022 14.7895235956993 260.85829772516 260.85829772516 260.85829772516 299.756739713887 2.62734589150217 38746.5608935446 -4201215.70470161
16300 0.0407499999999989 14.8951319434074 14.8943434172133 14.8943705888283 260.790330477186 260.790330477186 260.790330477186 299.18343569773 2.62940064575596 38672.4556073925 -4199867.20272933
16400 0.0409999999999989 15.0027741193906 15.0035785627612 15.0028248432615 260.722363229212 260.722363229212 260.722363229212 299.473852333188 2.63145754316922 38709.9948662629 -4198621.48812774
16500 0.0412499999999989 15.1095132324262 15.1087003853945 15.1084976125741 260.654395981238 260.654395981238 260.654395981238 299.342815913803 2.63351658653688 38693.0570966307 -4197312.64649397
16600 0.0414999999999989 15.2145972259393 15.2166102972588 15.2165126424784 260.586428733263 260.586428733263 260.586428733263 299.277870149053 2.63557777865826 38684.6622060569 -4196003.66103326
16700 0.0417499999999988 15.3234085337862 15.3237508097523 15.3214796889844 260.518461485289 260.518461485289 260.518461485289 299.200957091506 2.63764112233706 38674.7204230278 -4194684.11349367
16800 0.0419999999999988 15.4299739390763 15.4317720375275 15.4305657150156 260.450494237315 260.450494237315 260.450494237315 299.283453116611 2.63970662038136 38685.3838605313 -4193376.47559091
16900 0.0422499999999988 15.5378019058697 15.53667029452 15.5374993357625 260.382526989341 260.382526989341 260.382526989341 298.790233192297 2.64177427560365 38621.6302453513 -4191985.48294731
17000 0.0424999999999986 15.6471722053112 15.6464080435654 15.646767344929 260.314559741366 260.314559741366 260.314559741366 299.068779485282 2.64384409082083 38657.6351435667 -4190685.3476025
17100 0.0427499999999986 15.752980475547 15.7547177281581 15.7537562453076 260.246592493392 260.246592493392 260.246592493392 299.317577600471 2.6459160688542 38689.7947918522 -4189372.95865119
17200 0.0429999999999986 15.860924115412 15.8625606362607 15.8628331129092 260.178625245418 260.178625245418 260.178625245418 299.395089243477 2.64799021252951 38699.8139480471 -4188029.36410665
17300 0.0432499999999987 15.9720732415563 15.9714769748122 15.9713048929546 260.110657997444 260.110657997444 260.110657997444 299.400274935616 2.6500665246769 38700.4842506946 -4186667.17937965
17400 0.0434999999999987 16.0770880178063 16.0784534309937 16.0780449395889 260.042690749469 260.042690749469 260.042690749469 299.014796167423 2.652145008131 38650.6572590507 -4185245.8063617
17500 0.0437499999999987 16.1859107314178 16.1847474735274 16.1853925884905 259.974723501495 259.974723501495 259.974723501495 298.988226930628 2.65422566573084 38647.2229190843 -4183861.90922192
17600 0.0439999999999987 16.2961173265554 16.295082237736 16.2944777683773 259.906756253521 259.906756253521 259.906756253521 299.224946564385 2.65630850031994 38677.8213026696 -4182502.90193572
17700 0.0442499999999987 16.4037093855388 16.4033142589333 16.4026495117127 259.838789005547 259.838789005547 259.838789005547 299.010029000496 2.65839351474627 38650.0410549786 -4181076.88861021
17800 0.0444999999999988 16.5128005525457 16.5129053420794 16.5136496429517 259.770821757572 259.770821757572 259.770821757572 299.025667977477 2.66048071186226 38652.0625493893 -4179671.41926319
17900 0.0447499999999988 16.6240881430085 16.6201778171496 16.62218834492 259.702854509598 259.702854509598 259.702854509598 299.045739448578 2.66257009452485 38654.6569880598 -4178257.56849859
18000 0.0449999999999988 16.7313767856349 16.7323709533226 16.7302492183551 259.634887261624 259.634887261624 259.634887261624 298.882681781743 2.66466166559545 38633.5801514782 -4176811.02691939
18100 0.0452499999999988 16.8394787100825 16.838059646511 16.8388954576406 259.56692001365 259.56692001365 259.56692001365 298.728203677494 2.66675542793995 38613.6123092915 -4175356.71351206
18200 0.0454999999999988 16.9501873100948 16.9492276893718 16.9490194781512 259.498952765675 259.498952765675 259.498952765675 298.787062237667 2.66885138442879 38621.2203677059 -4173920.92573568
18300 0.0457499999999989 17.0581269920152 17.0578142384296 17.0574061216347 259.430985517701 259.430985517701 259.430985517701 298.789238622784 2.67094953793688 38621.5016872803 -4172468.99539817
18400 0.0459999999999989 17.166669589079 17.167667237732 17.1666350543535 259.363018269727 259.363018269727 259.363018269727 298.356970477113 2.67304989134368 38565.6266999671 -4170951.66540728
18500 0.0462499999999989 17.2762584236027 17.277279428664 17.2772341547079 259.295051021753 259.295051021753 259.295051021753 298.616474427401 2.67515244753315 38599.1701846659 -4169514.84440358
18600 0.0464999999999989 17.3878909497311 17.3868578553035 17.386742532607 259.227083773778 259.227083773778 259.227083773778 298.366908719151 2.67725720939383 38566.9113172893 -4168002.98913295
18700 0.0467499999999989 17.4970034439612 17.4960210498339 17.4957991569126 259.159116525804 259.159116525804 259.159116525804 298.454684794946 2.67936417981876 38578.2572542282 -4166525.92291166
18800 0.0469999999999989 17.6066720588597 17.6082197359389 17.6065636008987 259.09114927783 259.09114927783 259.09114927783 298.413803374276 2.68147336170557 38572.9729211489 -4165023.12707184
18900 0.0472499999999988 17.7174648756846 17.7145723926368 17.7151246246569 259.023182029856 259.023182029856 259.023182029856 298.381308859309 2.68358475795644 38568.7726796328 -4163512.71734693
19000 0.0474999999999988 17.8267588236223 17.8272155161945 17.8262746981882 258.955214781881 258.955214781881 258.955214781881 298.278588148943 2.68569837147812 38555.4949989942 -4161983.73593789
19100 0.0477499999999988 17.9355119395594 17.9376993399083 17.9360851603422 258.887247533907 258.887247533907 258.887247533907 298.032638957484 2.68781420518194 38523.7036026349 -4160427.343112
19200 0.0479999999999986 18.0470099091809 18.046856928241 18.0473687057356 258.819280285933 258.819280285933 258.819280285933 298.134245422052 2.68993226198383 38536.8372558442 -4158906.85198941
19300 0.0482499999999986 18.1588742905672 18.1596075952931 18.1588808177667 258.751313037959 258.751313037959 258.751313037959 298.445411225601 2.6920525448043 38577.0585525087 -4157404.25717083
19400 0.0484999999999986 18.2678132561218 18.267101779947 18.2675271811818 258.683345789984 258.683345789984 258.683345789984 298.119291461096 2.69417505656847 38534.9043066157 -4155810.59376847
19500 0.0487499999999987 18.3803956173892 18.3805380018744 18.3804983235873 258.61537854201 258.61537854201 258.61537854201 298.404099314874 2.69629980020609 38571.7185742779 -4154286.51097658
19600 0.0489999999999987 18.4906244846333 18.4889886196111 18.4906755675935 258.547411294036 258.547411294036 258.547411294036 297.825662407622 2.6984267786515 38496.949810542 -4152641.91214048
19700 0.0492499999999987 18.6006164813645 18.6002212779037 18.599650289465 258.479444046062 258.479444046062 258.479444046062 297.917873845974 2.7005559948437 38508.8690625148 -4151075.15400012
19800 0.0494999999999987 18.7128877238108 18.7126512412051 18.7124982400164 258.411476798087 258.411476798087 258.411476798087 297.842439979626 2.70268745172632 38499.1184797632 -4149477.3493795
19900 0.0497499999999987 18.823508487026 18.8228611725691 18.8229024341218 258.343509550113 258.343509550113 258.343509550113 297.868827813258 2.70482115224764 38502.5293715539 -4147883.95989465
20000 0.0499999999999988 18.9356347959873 18.9347684011443 18.9360995803653 258.275542302139 258.275542302139 258.275542302139 298.290539070198 2.70695709936058 38557.0397752636 -4146332.6046281
20100 0.0502499999999988 19.0469247046166 19.0464283721169 19.0461380738363 258.207575054165 258.207575054165 258.207575054165 297.60830934392 2.70909529602274 38468.8547501067 -4144629.12169725
20200 0.0504999999999988 19.1582899947574 19.1582623145386 19.1587422809102 258.13960780619 258.13960780619 258.13960780619 297.769771314115 2.71123574519641 38489.7253269155 -4143026.03226035
20300 0.0507499999999988 19.2682546049448 19.2681146295381 19.2689353438225 258.071640558216 258.071640558216 258.071640558216 297.590434712444 2.71337844984852 38466.5442749608 -4141369.82761845
20400 0.0509999999999988 19.3794931632351 19.3803826186103 19.3789880725354 258.003673310242 258.003673310242 258.003673310242 297.373825767294 2.71552341295073 38438.5453993013 -4139699.69612914
20500 0.0512499999999989 19.4925757877559 19.4932272328514 19.4932120927384 257.935706062268 257.935706062268 257.935706062268 297.946433310812 2.71767063747938 38512.5606593892 -4138122.60705705
20600 0.0514999999999989 19.6032582364506 19.6025821333545 19.6037941594178 257.867738814293 257.867738814293 257.867738814293 297.317331609444 2.71982012641553 38431.2429635684 -4136380.99758492
20700 0.0517499999999989 19.7148020977842 19.7155306321092 19.7153391368046 257.799771566319 257.799771566319 257.799771566319 297.269871264102 2.72197188274493 38425.1082385825 -4134705.67804793
20800 0.0519999999999989 19.8263145464872 19.8264407220677 19.8259856115608 257.731804318345 257.731804318345 257.731804318345 297.088853013914 2.72412590945809 38401.709816714 -4133004.03636961
20900 0.0522499999999989 19.9412208428575 19.9402941169641 19.9402534653449 257.663837070371 257.663837070371 257.663837070371 297.48666286095 2.72628220955024 38453.1307238033 -4131368.11089164
21000 0.0524999999999989 20.0535520597567 20.0523979624677 20.0505385875368 257.595869822396 257.595869822396 257.595869822396 297.298147980626 2.72844078602134 38428.7632874055 -4129647.48923957
21100 0.052749999999999 20.1649994794335 20.165179324774 20.1647331386104 257.527902574422 257.527902574422 257.527902574422 297.152573993419 2.73060164187612 38409.9463915278 -4127923.46578117
21200 0.0529999999999988 20.276633246436 20.2757773363193 20.2770200447309 257.459935326448 257.459935326448 257.459935326448 296.837435920397 2.73276478012407 38369.2116392487 -4126168.44035877
21300 0.0532499999999988 20.392123142849 20.3911864344496 20.3901162340795 257.391968078474 257.391968078474 257.391968078474 297.289218600179 2.73493020377943 38427.6090755483 -4124503.53058657
21400 0.0534999999999988 20.504345144266 20.5015977807807 20.5036381728891 257.324000830499 257.324000830499 257.324000830499 297.066413741701 2.73709791586125 38398.8093160346 -4122742.44929476
21500 0.0537499999999986 20.6171849315924 20.6168823594645 20.6157073312492 257.256033582525 257.256033582525 257.256033582525 297.158925609207 2.73926791939334 38410.7674014844 -4121013.0651533
21600 0.0539999999999986 20.731151874207 20.7297692412511 20.7286955318281 257.188066334551 257.188066334551 257.188066334551 296.929160101636 2.74144021740431 38381.0679083595 -4119232.97440201
21700 0.0542499999999987 20.8433558763656 20.8427247232998 20.843928430192 257.120099086577 257.120099086577 257.120099086577 296.859164191036 2.74361481292759 38372.0202358536 -4117464.51271416
21800 0.0544999999999987 20.9579375621452 20.9578163731109 20.9559813090426 257.052131838603 257.052131838603 257.052131838603 297.077161584874 2.74579170900141 38400.1985824123 -4115724.37480069
21900 0.0547499999999987 21.0695630913913 21.0689724998592 21.0674521324339 256.984164590628 256.984164590628 256.984164590628 296.741083606728 2.74797090866882 38356.7571376672 -4113903.78783952
22000 0.0549999999999987 21.1834283611408 21.1812613477341 21.1820026237884 256.916197342654 256.916197342654 256.916197342654 296.722348807593 2.75015241497772 38354.3354772362 -4112114.97173747
22100 0.0552499999999987 21.2983922103716 21.2989617001092 21.2983779329357 256.84823009468 256.84823009468 256.84823009468 297.111871371203 2.75233623098082 38404.6851699394 -4110369.96606705
22200 0.0554999999999988 21.4101184455724 21.4116061396499 21.4127106642481 256.780262846706 256.780262846706 256.780262846706 296.830136485447 2.75452235973571 38368.2681141721 -4108529.39139399
22300 0.0557499999999988 21.5235144220207 21.5233026062728 21.5244063609863 256.712295598731 256.712295598731 256.712295598731 296.777493111397 2.75671080430483 38361.4634308138 -4106709.5480375
22400 0.0559999999999988 21.6403321401442 21.6394221574855 21.6393812078617 256.644328350757 256.644328350757 256.644328350757 297.070837667791 2.75890156775547 38399.3811527905 -4104925.20887842
22500 0.0562499999999988 21.7517629763187 21.7513151356678 21.7522700912299 256.576361102783 256.576361102783 256.576361102783 296.642762516768 2.76109465315982 38344.0481520315 -4103038.68209453
22600 0.0564999999999988 21.8679088393303 21.8679523900782 21.8680210219162 256.508393854809 256.508393854809 256.508393854809 296.784684408219 2.76329006359495 38362.3929779543 -4101216.98861811
22700 0.0567499999999988 21.9822440698857 21.9828207869791 21.9817857572202 256.440426606834 256.440426606834 256.440426606834 296.877258285421 2.7654878021428 38374.3590787785 -4099379.92522993
22800 0.0569999999999989 22.0962800602536 22.0969837566777 22.0959925932248 256.37245935886 256.37245935886 256.37245935886 296.720930925575 2.76768787189025 38354.1522017842 -4097501.77919178
22900 0.0572499999999989 22.2096851169922 22.2092506735405 22.2087154466549 256.304492110886 256.304492110886 256.304492110886 296.661004597237 2.76989027592908 38346.40612364 -4095627.27744029
23000 0.0574999999999989 22.3253678028686 22.3258942395703 22.3254354199362 256.236524862911 256.236524862911 256.236524862911 296.60180635364 2.77209501735597 38338.7541577409 -4093743.69450244
23100 0.0577499999999989 22.4400402842198 22.4400459848039 22.4403273693917 256.168557614937 256.168557614937 256.168557614937 296.45418923052 2.77430209927257 38319.673166083 -4091839.89407307
23200 0.0579999999999989 22.55554657117 22.5568953035243 22.5566289071299 256.100590366963 256.100590366963 256.100590366963 296.743806535461 2.77651152478543 38357.1091034782 -4089983.74715563
23300 0.058249999999999 22.6714407547244 22.6720148897446 22.6712064658505 256.032623118989 256.032623118989 256.032623118989 297.008394025497 2.77872329700608 38391.3096866048 -4088115.57357248
23400 0.0584999999999987 22.7863467513262 22.7851571002012 22.7871961047941 255.964655871015 255.964655871015 255.964655871015 296.595399461486 2.780937419051 38337.9260027602 -4086150.71562385
23500 0.0587499999999987 22.9011181136655 22.9015113934278 22.9009777335344 255.89668862304 255.89668862304 255.89668862304 296.510466009918 2.78315389404163 38326.9475034738 -4084219.27219394
23600 0.0589999999999987 23.0182624390911 23.0181590147246 23.0169086336369 255.828721375066 255.828721375066 255.828721375066 296.504977524627 2.7853727251044 38326.2380617786 -4082289.36111715
23700 0.0592499999999987 23.1362203595499 23.1350038489337 23.1357347140714 255.760754127092 255.760754127092 255.760754127092 296.827760367559 2.7875939153707 38367.9609771366 -4080393.03219297
23800 0.0594999999999987 23.2500007905991 23.2496933521526 23.2503473148389 255.692786879118 255.692786879118 255.692786879118 296.890574217036 2.78981746797696 38376.0802963086 -4078454.241634
23900 0.0597499999999988 23.3658149421691 23.3668268288414 23.3666457735993 255.624819631143 255.624819631143 255.624819631143 296.470177851749 2.79204338606457 38321.7398555147 -4076443.95394617
24000 0.0599999999999988 23.4827147125546 23.4842211894384 23.4831317818124 255.556852383169 255.556852383169 255.556852383169 296.527122121368 2.79427167277997 38329.100472702 -4074486.57163651
24100 0.0602499999999988 23.5979872436808 23.5984585802204 23.5983661000195 255.488885135195 255.488885135195 255.488885135195 296.341754654604 2.79650233127459 38305.1398710303 -4072489.08931592
24200 0.0604999999999987 23.716730023357 23.7156384621488 23.7156902802288 255.420917887221 255.420917887221 255.420917887221 296.332207517301 2.79873536470491 38303.9058079123 -4070505.38899706
24300 0.0607499999999987 23.8333728366453 23.8329823823716 23.8332224546303 255.352950639246 255.352950639246 255.352950639246 296.33684838399 2.80097077623247 38304.5056864136 -4068514.69494878
24400 0.0609999999999987 23.9523585947936 23.9523562305099 23.9538767431132 255.284983391272 255.284983391272 255.284983391272 296.686886297251 2.80320856902383 38349.7515925913 -4066559.59896025
24500 0.0612499999999988 24.070477920842 24.0700161602719 24.0695365052795 255.217016143298 255.217016143298 255.217016143298 296.840091580898 2.80544874625063 38369.5549099669 -4064570.55009432
24600 0.0614999999999988 24.1863598792372 24.1856917725205 24.1847296304075 255.149048895324 255.149048895324 255.149048895324 296.488823224628 2.80769131108957 38324.1499567065 -4062507.39985689
24700 0.0617499999999988 24.3049339082038 24.3057457071662 24.3057399013079 255.081081647349 255.081081647349 255.081081647349 296.494908963068 2.80993626672244 38324.9365993531 -4060481.24140381
24800 0.0619999999999988 24.4234012609369 24.4228176627607 24.4231352941182 255.013114399375 255.013114399375 255.013114399375 296.433801939205 2.81218361633612 38317.0379044867 -4058437.72093765
24900 0.0622499999999988 24.5419310124312 24.5419964358177 24.5428640005367 254.945147151401 254.945147151401 254.945147151401 296.404204930196 2.81443336312258 38313.2121946363 -4056389.6500089
25000 0.0624999999999989 24.66298395868 24.6601175375235 24.6619964306303 254.877179903427 254.877179903427 254.877179903427 296.397105464433 2.8166855102789 38312.2945175801 -4054335.5501909
25100 0.0627499999999989 24.7794649820482 24.7786368097166 24.7770812722755 254.809212655452 254.809212655452 254.809212655452 296.214449270179 2.81894006100728 38288.6843750358 -4052250.12577169
25200 0.0629999999999989 24.8983001807922 24.8984531920133 24.8985594064508 254.741245407478 254.741245407478 254.741245407478 296.59965293749 2.82119701851505 38338.4758071355 -4050229.07645294
25300 0.0632499999999989 25.019613892962 25.0184707580009 25.0196052282377 254.673278159504 254.673278159504 254.673278159504 296.990257219524 2.82345638601468 38388.9653227793 -4048200.07274872
25400 0.0634999999999988 25.1394315172775 25.1367936475469 25.1390220977502 254.60531091153 254.60531091153 254.60531091153 296.759942734158 2.82571816672378 38359.1948687757 -4046081.82721344
25500 0.0637499999999988 25.2583442333121 25.2588807866072 25.2570333067509 254.537343663555 254.537343663555 254.537343663555 296.764587252132 2.82798236386511 38359.7952192421 -4043985.29936308
25600 0.0639999999999987 25.3800587211353 25.3792817521543 25.3807373730742 254.469376415581 254.469376415581 254.469376415581 296.673669642882 2.83024898066662 38348.0432076395 -4041867.61806332
25700 0.0642499999999987 25.4991880091386 25.4995867039234 25.4989201309787 254.401409167607 254.401409167607 254.401409167607 296.830524985219 2.83251802036141 38368.3183316589 -4039773.20506039
25800 0.0644999999999987 25.6199025822919 25.6204165261842 25.6216943531479 254.333441919633 254.333441919633 254.333441919633 296.886841160766 2.83478948618779 38375.5977613964 -4037656.95790792
25900 0.0647499999999987 25.7432175332051 25.7420985179925 25.7420229204397 254.265474671658 254.265474671658 254.265474671658 296.837176810221 2.83706338138923 38369.1781466632 -4035518.1519809
26000 0.0649999999999987 25.864938953946 25.8635628162812 25.8625730445105 254.197507423684 254.197507423684 254.197507423684 297.072714901932 2.83933970921444 38399.6238041052 -4033407.65150116
26100 0.0652499999999988 25.9872633710664 25.9848686291004 25.9844342674851 254.12954017571 254.12954017571 254.12954017571 297.186810045665 2.84161847291733 38414.37174418 -4031272.8360913
26200 0.0654999999999988 26.1081453178846 26.1097573713388 26.1101692071325 254.061572927736 254.061572927736 254.061572927736 297.460031783678 2.84389967575703 38449.688390336 -4029149.6340598
26300 0.0657499999999988 26.22970831315 26.2290932741536 26.2287082118531 253.993605679761 253.993605679761 253.993605679761 297.174888027529 2.84618332099791 38412.830703928 -4026945.47465034
26400 0.0659999999999988 26.35209607924 26.3532125882793 26.3529708900664 253.925638431787 253.925638431787 253.925638431787 297.213471467559 2.84846941190958 38417.8179999936 -4024774.57410318
26500 0.0662499999999987 26.4744486554979 26.4755763116099 26.4736222030346 253.857671183813 253.857671183813 253.857671183813 297.268813141556 2.85075795176692 38424.9714656456 -4022596.97082812
26600 0.0664999999999987 26.5996991545516 26.6004294398135 26.6000128125192 253.789703935839 253.789703935839 253.789703935839 297.418393947704 2.85304894385005 38444.3062830026 -4020422.74445017
26700 0.0667499999999988 26.7234719701896 26.7260342949212 26.7265691213902 253.721736687864 253.721736687864 253.721736687864 297.300081964555 2.85534239144438 38429.0132741986 -4018205.08564417
26800 0.0669999999999988 26.8478926185087 26.8486293406806 26.8489442285382 253.65376943989 253.65376943989 253.65376943989 297.441784261867 2.85763829784059 38447.3297153795 -4016012.53123443
26900 0.0672499999999988 26.9733045801558 26.9734464385341 26.9725319516404 253.585802191916 253.585802191916 253.585802191916 297.822567547676 2.85993666633466 38496.5497688967 -4013842.30414351
27000 0.0674999999999988 27.0965145143224 27.096291852765 27.0955290095046 253.517834943942 253.517834943942 253.517834943942 297.830747577408 2.86223750022788 38497.6071196686 -4011615.23865863
27100 0.0677499999999988 27.2234546010857 27.222790516576 27.2237454378415 253.449867695967 253.449867695967 253.449867695967 297.728127508902 2.86454080282685 38484.3424479982 -4009365.05147626
27200 0.0679999999999989 27.3490472263705 27.3474263346131 27.3462634278461 253.381900447993 253.381900447993 253.381900447993 297.655759955113 2.86684657744349 38474.9882168564 -4007110.03590031
27300 0.0682499999999989 27.4758024587988 27.4747503795943 27.4744419002953 253.313933200019 253.313933200019 253.313933200019 297.878412470881 2.86915482739505 38503.7682845491 -4004884.49752082
27400 0.0684999999999989 27.6005801109123 27.6009268479546 27.6002791301366 253.245965952045 253.245965952045 253.245965952045 298.151889807167 2.87146555600412 38539.1179693419 -4002657.10510254
27500 0.0687499999999989 27.7305001343192 27.7296790753512 27.7290497793945 253.17799870407 253.17799870407 253.17799870407 298.291213063744 2.87377876659866 38557.12689568 -4000403.56041229
27600 0.0689999999999989 27.8568489506679 27.8561198219282 27.8583200329297 253.110031456096 253.110031456096 253.110031456096 298.5225421093 2.87609446251198 38587.0284917497 -3998153.25807119
27700 0.0692499999999989 27.9850480576842 27.9837206288317 27.9842481617035 253.042064208122 253.042064208122 253.042064208122 298.503009509361 2.87841264708277 38584.5037075741 -3995862.02224525
27800 0.0694999999999987 28.1138700836098 28.1125923519723 28.1129399874842 252.974096960148 252.974096960148 252.974096960148 298.802472335886 2.8807333236551 38623.2122772442 -3993603.38305169
27900 0.0697499999999987 28.2435507743094 28.2410476493725 28.2401856696965 252.906129712173 252.906129712173 252.906129712173 299.162242568832 2.88305649557843 38669.7161832175 -3991344.09427273
28000 0.0699999999999987 28.3724297078113 28.3702151537277 28.3713562665638 252.838162464199 252.838162464199 252.838162464199 298.985245182942 2.88538216620763 38646.8374983315 -3989006.89320039
28100 0.0702499999999987 28.5013972188944 28.5012662183918 28.5007515515636 252.770195216225 252.770195216225 252.770195216225 299.098770613686 2.88771033890299 38661.5117972964 -3986698.65435271
28200 0.0704999999999987 28.6308791915249 28.6287077472603 28.6303242804691 252.702227968251 252.702227968251 252.702227968251 298.938907077956 2.8900410170302 38640.8478341516 -3984346.67606425
28300 0.0707499999999988 28.762847136285 28.7620170724622 28.7636031605778 252.634260720276 252.634260720276 252.634260720276 299.363399028742 2.89237420396042 38695.7176703917 -3982061.79635748
28400 0.0709999999999988 28.8931615632553 28.8933119947809 28.8933703312061 252.566293472302 252.566293472302 252.566293472302 299.460034316501 2.89470990307022 38708.2087492084 -3979726.20201955
28500 0.0712499999999988 29.022637156709 29.021407876639 29.0231499609903 252.498326224328 252.498326224328 252.498326224328 299.426242234836 2.89704811774164 38703.8407842005 -3977365.47299126
28600 0.0714999999999988 29.1564567641441 29.1566702028205 29.1562012046969 252.430358976354 252.430358976354 252.430358976354 299.654286932638 2.8993888513622 38733.3178454278 -3975030.23954083
28700 0.0717499999999988 29.2886275279684 29.2898685108466 29.2900940541192 252.362391728379 252.362391728379 252.362391728379 300.245045370028 2.90173210732486 38809.6792903433 -3972733.73114449
28800 0.0719999999999987 29.4221151671374 29.4221104722223 29.4208740183277 252.294424480405 252.294424480405 252.294424480405 300.047632162229 2.9040778890281 38784.161655996 -3970327.01672483
28900 0.0722499999999988 29.5590273660414 29.5588612064532 29.5568577451724 252.226457232431 252.226457232431 252.226457232431 300.28207125147 2.90642619987589 38814.4652563613 -3967967.9559483
29000 0.0724999999999988 29.6901081025875 29.6887257698008 29.6907050165099 252.158489984457 252.158489984457 252.158489984457 300.358619853416 2.90877704327768 38824.3599298537 -3965580.74440461
29100 0.0727499999999988 29.8242727838484 29.8255175966261 29.82665502351 252.090522736482 252.090522736482 252.090522736482 300.373504432683 2.91113042264847 38826.283910804 -3963177.50241465
29200 0.0729999999999988 29.9617082956218 29.9621384392977 29.9619870724253 252.022555488508 252.022555488508 252.022555488508 300.604000625877 2.91348634140877 38856.0778523643 -3960794.47129119
29300 0.0732499999999988 30.0975451991904 30.0977318886632 30.098431629804 251.954588240534 251.954588240534 251.954588240534 300.645416123007 2.91584480298463 38861.4312201752 -3958379.37886194
29400 0.0734999999999989 30.2356935481863 30.234760297561 30.2341807394522 251.88662099256 251.88662099256 251.88662099256 300.963302943551 2.91820581080765 38902.5212756021 -3955992.66924429
29500 0.0737499999999989 30.3716739833774 30.3690567528829 30.372870071379 251.818653744585 251.818653744585 251.818653744585 300.932664070852 2.92056936831499 38898.5608944349 -3953553.53270861
29600 0.0739999999999989 30.5121936641806 30.5104515725302 30.5108112638396 251.750686496611 251.750686496611 251.750686496611 300.939120188029 2.92293547894938 38899.3954122427 -3951112.30693333
29700 0.0742499999999989 30.6461589171147 30.6447072840832 30.6471722559753 251.682719248637 251.682719248637 251.682719248637 301.297306285177 2.92530414615912 38945.6945527979 -3948710.09206205
29800 0.0744999999999989 30.7865744407575 30.7865173153828 30.7851201407485 251.614752000663 251.614752000663 251.614752000663 301.168320523182 2.92767537339812 38929.0218511722 -3946238.35222287
29900 0.074749999999999 30.9255060273098 30.9246971590593 30.9251508360273 251.546784752688 251.546784752688 251.546784752688 301.419072985898 2.93004916412586 38961.4341184497 -3943809.61036201
30000 0.0749999999999987 31.0645856980828 31.0643163490501 31.0652500291789 251.478817504714 251.478817504714 251.478817504714 301.99872540872 2.93242552180746 39036.3599997473 -3941417.6469246
30100 0.0752499999999987 31.2055968976105 31.205566474394 31.2063497300198 251.41085025674 251.41085025674 251.41085025674 301.77046676876 2.93480444991367 39006.8552843533 -3938915.45501059
30200 0.0754999999999987 31.34688218985 31.3463380212345 31.3458799002511 251.342883008766 251.342883008766 251.342883008766 301.950114580333 2.93718595192082 39030.0765633048 -3936460.3780902
30300 0.0757499999999987 31.4890563750939 31.4889865891955 31.4896371075039 251.274915760792 251.274915760792 251.274915760792 301.844180037903 2.93957003131095 39016.383462683 -3933962.58433393
30400 0.0759999999999987 31.6304537050635 31.6308046134354 31.632438267341 251.206948512817 251.206948512817 251.206948512817 302.148625657983 2.94195669157171 39055.7361083265 -3931511.74676597
30500 0.0762499999999987 31.7755514381191 31.7748931653214 31.7745890662395 251.138981264843 251.138981264843 251.138981264843 302.187979237269 2.94434593619642 39060.8229526043 -3929019.89979134
30600 0.0764999999999988 31.9199271742544 31.9194773350208 31.9187788287045 251.071014016869 251.071014016869 251.071014016869 301.900584939779 2.9467377686841 39023.6743611872 -3926478.31109234
30700 0.0767499999999988 32.0615567685894 32.0615244704726 32.0626783040093 251.003046768895 251.003046768895 251.003046768895 302.167374963935 2.94913219253943 39058.1596439089 -3924000.32348089
30800 0.0769999999999988 32.207185426805 32.2069809555839 32.2071516242319 250.93507952092 250.93507952092 250.93507952092 302.158626772607 2.95152921127279 39057.0288525601 -3921478.2121058
30900 0.0772499999999988 32.3543861875129 32.3555266439244 32.3551186930728 250.867112272946 250.867112272946 250.867112272946 302.147171370285 2.95392882840029 39055.5481270757 -3918946.66761028
31000 0.0774999999999987 32.5015984660046 32.5005102072475 32.499183211568 250.799145024972 250.799145024972 250.799145024972 302.29605662331 2.95633104744373 39074.7930372252 -3916426.38634617
31100 0.0777499999999988 32.6450429351194 32.6448083026317 32.6460357083773 250.731177776998 250.731177776998 250.731177776998 302.560867502311 2.95873587193066 39109.022495613 -3913911.3360851
31200 0.0779999999999988 32.7937120893611 32.7933838310502 32.7931117154244 250.663210529023 250.663210529023 250.663210529023 302.917077898599 2.96114330539436 39155.0662570438 -3911398.31180854
31300 0.0782499999999988 32.9443030826393 32.9430734554592 32.9430773534294 250.595243281049 250.595243281049 250.595243281049 302.619698668315 2.96355335137387 39116.6270130566 -3908790.97147837
31400 0.0784999999999988 33.0916218392565 33.0915456372163 33.0904737384933 250.527276033075 250.527276033075 250.527276033075 302.864608822684 2.96596601341398 39148.2841034652 -3906243.9989241
31500 0.0787499999999988 33.2432026136692 33.243969248836 33.242896471112 250.459308785101 250.459308785101 250.459308785101 302.56960663205 2.96838129506527 39110.1521156605 -3903617.05792235
31600 0.0789999999999988 33.3932405513889 33.3928856947625 33.3919875342219 250.391341537126 250.391341537126 250.391341537126 302.634236589802 2.97079919988408 39118.5061850168 -3901026.63556813
31700 0.0792499999999989 33.5446181598169 33.5443992525356 33.5433556774521 250.323374289152 250.323374289152 250.323374289152 302.885039663727 2.97321973143258 39150.9249942999 -3898450.287274
31800 0.0794999999999989 33.6955861935018 33.6977797823217 33.6963633274064 250.255407041178 250.255407041178 250.255407041178 303.011144372408 2.97564289327872 39167.2252909289 -3895847.94214154
31900 0.0797499999999989 33.8497136310558 33.8508945253272 33.8501456238428 250.187439793204 250.187439793204 250.187439793204 303.034201006394 2.97806868899626 39170.2055918008 -3893221.94222575
32000 0.0799999999999989 34.0033175261257 34.0038374630777 34.0045055328152 250.119472545229 250.119472545229 250.119472545229 303.375028815127 2.98049712216481 39214.2609997223 -3890627.09241147
32100 0.0802499999999989 34.1555376663231 34.1569737064298 34.1553291637534 250.051505297255 250.051505297255 250.051505297255 303.885734436413 2.98292819636982 39280.2748163681 -3888044.0431144
32200 0.0804999999999989 34.3125110501391 34.3121342705284 34.312767972645 249.983538049281 249.983538049281 249.983538049281 303.645405346301 2.98536191520258 39249.2098743975 -3885353.77938216
32300 0.0807499999999987 34.4670547883215 34.4681992320635 34.4655263126184 249.915570801307 249.915570801307 249.915570801307 303.575826845536 2.98779828226023 39240.2161562935 -3882675.1223997
32400 0.0809999999999987 34.6254096726789 34.6263811908092 34.6261014956252 249.847603553332 249.847603553332 249.847603553332 303.929731964471 2.99023730114581 39285.9619375375 -3880041.14041743
32500 0.0812499999999987 34.7816430082393 34.7822917715252 34.7832435847607 249.779636305358 249.779636305358 249.779636305358 304.143820972911 2.99267897546823 39313.6350861381 -3877378.69197538
32600 0.0814999999999987 34.9402898756519 34.9422728555815 34.9403476268111 249.711669057384 249.711669057384 249.711669057384 304.226827365722 2.99512330884229 39324.3644937794 -3874689.1402517
32700 0.0817499999999988 35.1000244642791 35.1005188750638 35.1006492350844 249.64370180941 249.64370180941 249.64370180941 304.2048248162 2.99757030488871 39321.5204438818 -3871975.71814818
32800 0.0819999999999988 35.261463993479 35.2606169336658 35.2604798269127 249.575734561435 249.575734561435 249.575734561435 304.653753087488 3.00001996723411 39379.5489192946 -3869312.90686134
32900 0.0822499999999988 35.4219741276477 35.4218833782841 35.4210911201113 249.507767313461 249.507767313461 249.507767313461 304.970991122747 3.00247229951107 39420.5551127254 -3866622.40073387
33000 0.0824999999999988 35.5850626536602 35.5833017012039 35.5838718222219 249.439800065487 249.439800065487 249.439800065487 304.82631603546 3.00492730535806 39401.8544086656 -3863861.69116855
33100 0.0827499999999988 35.7448871006334 35.7457232122821 35.7465105269517 249.371832817513 249.371832817513 249.371832817513 304.997393701476 3.00738498841956 39423.9679104676 -3861131.4559225
33200 0.0829999999999987 35.9113213150915 35.9087835504885 35.9080848330302 249.303865569538 249.303865569538 249.303865569538 305.21010627813 3.00984535234597 39451.4631414738 -3858396.23770482
33300 0.0832499999999988 36.0750064831937 36.0734866936598 36.0730718440339 249.235898321564 249.235898321564 249.235898321564 305.435669804539 3.01230840079368 39480.6194864479 -3855651.94358406
33400 0.0834999999999988 36.2414460234858 36.2406681653057 36.2380034496304 249.16793107359 249.16793107359 249.16793107359 305.349343559387 3.01477413742507 39469.4609546407 -3852856.80047757
33500 0.0837499999999988 36.403839393793 36.4060750599635 36.4062362177076 249.099963825616 249.099963825616 249.099963825616 305.690824474785 3.01724256590851 39513.60078314 -3850106.2723886
33600 0.0839999999999988 36.5729095436545 36.5738529895659 36.5718345496557 249.031996577641 249.031996577641 249.031996577641 305.884032162094 3.01971368991838 39538.5748118426 -3847325.84630644
33700 0.0842499999999988 36.7412022260578 36.7427533677323 36.7410122798957 248.964029329667 248.964029329667 248.964029329667 306.326043909768 3.02218751313509 39595.7092573041 -3844567.02138345
33800 0.0844999999999989 36.9077799381665 36.9086500868412 36.9091253991214 248.896062081693 248.896062081693 248.896062081693 306.426608077245 3.02466403924507 39608.708183175 -3841753.29600157
33900 0.0847499999999989 37.0790732815743 37.078331270732 37.0783076229208 248.828094833719 248.828094833719 248.828094833719 306.726630525734 3.02714327194078 39647.4890895891 -3838954.61023241
34000 0.0849999999999989 37.2507200682343 37.2490126333548 37.247610941328 248.760127585744 248.760127585744 248.760127585744 306.788910173061 3.02962521492078 39655.5393577829 -3836114.21700208
34100 0.0852499999999989 37.4239360313036 37.4236037081823 37.4205807085129 248.69216033777 248.69216033777 248.69216033777 306.792802151575 3.03210987188965 39656.0424349868 -3833255.46676949
34200 0.0854999999999989 37.5954063676527 37.5954700382553 37.5942958096323 248.624193089796 248.624193089796 248.624193089796 307.269739221216 3.03459724655807 39717.6913281156 -3830446.75003536
34300 0.085749999999999 37.7650514414973 37.7634679113238 37.7654412230575 248.556225841822 248.556225841822 248.556225841822 307.83838340357 3.0370873426428 39791.194284077 -3827639.08925957
34400 0.0859999999999989 37.9446622945154 37.9453810558316 37.9450234897449 248.488258593847 248.488258593847 248.488258593847 307.644233425096 3.03958016386672 39766.0984548035 -3824721.67322921
34500 0.0862499999999989 38.1162604645076 38.1187490673073 38.1170730697107 248.420291345873 248.420291345873 248.420291345873 308.221376775575 3.04207571395881 39840.7000133706 -3821893.20305059
34600 0.0864999999999987 38.2973167809887 38.2960761689252 38.296187827345 248.352324097899 248.352324097899 248.352324097899 308.197637823578 3.04457399665416 39837.6315160619 -3818975.66294761
34700 0.0867499999999987 38.4699199500141 38.4714426366869 38.473313666368 248.284356849925 248.284356849925 248.284356849925 308.688887333118 3.04707501569403 39901.1304353972 -3816113.51635126
34800 0.0869999999999987 38.6508756334492 38.6502806042709 38.6511982632976 248.21638960195 248.21638960195 248.21638960195 308.914617567902 3.0495787748258 39930.3083290983 -3813205.83121301
34900 0.0872499999999987 38.829760767412 38.8340175671163 38.8305847551603 248.148422353976 248.148422353976 248.148422353976 309.195861914924 3.05208527780302 39966.6619778211 -3810294.26929536
35000 0.0874999999999988 39.0131312380739 39.0126433889598 39.0142049840402 248.080455106002 248.080455106002 248.080455106002 309.474303112721 3.05459452838541 40002.653291431 -3807370.79148083
35100 0.0877499999999988 39.1982739898646 39.1975339776283 39.199365795855 248.012487858028 248.012487858028 248.012487858028 309.098605442151 3.05710653033889 39954.0906046197 -3804351.27505838
35200 0.0879999999999988 39.3792370911453 39.3828361236261 39.3795325260618 247.944520610053 247.944520610053 247.944520610053 309.752673982133 3.05962128743555 40038.6355143927 -3801453.75220306
35300 0.0882499999999988 39.5627855797288 39.5614644845326 39.5633685317742 247.876553362079 247.876553362079 247.876553362079 310.316327576578 3.0621388034537 40111.4933868825 -3798532.85978759
35400 0.0884999999999988 39.7474593500582 39.7490685748105 39.7493448654084 247.808586114105 247.808586114105 247.808586114105 310.392819781036 3.06465908217787 40121.3807704347 -3795537.50266774
35500 0.0887499999999988 39.9348869675864 39.936909411975 39.9370224714558 247.740618866131 247.740618866131 247.740618866131 310.550496795334 3.06718212739881 40141.7621037847 -3792541.1118424
35600 0.0889999999999988 40.1208149497336 40.1229154108871 40.1203385549391 247.672651618156 247.672651618156 247.672651618156 311.278661781467 3.06970794291354 40235.8847213534 -3789606.81480142
35700 0.0892499999999988 40.312756466503 40.3117195275234 40.31079509365 247.604684370182 247.604684370182 247.604684370182 311.230547949709 3.07223653252532 40229.6655267031 -3786560.15099196
35800 0.0894999999999988 40.4988784535622 40.4988472054111 40.4990874795056 247.536717122208 247.536717122208 247.536717122208 311.863413104667 3.07476790004366 40311.4696865942 -3783590.19298823
35900 0.0897499999999988 40.6911362361428 40.6912228361112 40.6920833060797 247.468749874234 247.468749874234 247.468749874234 311.98669541587 3.07730204928437 40327.4051600807 -3780542.42697399
36000 0.0899999999999988 40.8819165082239 40.8816423091635 40.8821790888121 247.400782626259 247.400782626259 247.400782626259 312.40560477739 3.07983898406955 40381.5533907443 -3777520.81623454
36100 0.0902499999999989 41.0784185403195 41.0781069883379 41.0775305636269 247.332815378285 247.332815378285 247.332815378285 312.524344431356 3.0823787082276 40396.901680285 -3774448.57558039
36200 0.0904999999999989 41.2738117176318 41.2740355588691 41.2726860026854 247.264848130311 247.264848130311 247.264848130311 312.692494209859 3.08492122559324 40418.6367233009 -3771370.61543173
36300 0.0907499999999989 41.4664429454241 41.4683385369652 41.4662866207432 247.196880882337 247.196880882337 247.196880882337 313.406825594081 3.08746654000751 40510.9712092689 -3768351.45450354
36400 0.0909999999999989 41.6653859144201 41.6656545182423 41.6658222268042 247.128913634362 247.128913634362 247.128913634362 313.659040037587 3.0900146553178 40543.5724522063 -3765260.06690185
36500 0.0912499999999989 41.8596293732574 41.8602102850597 41.8618178339754 247.060946386388 247.060946386388 247.060946386388 314.066016220871 3.09256557537783 40596.1782000634 -3762176.31983472
36600 0.091499999999999 42.0630505153286 42.0646907563827 42.0624989826938 246.992979138414 246.992979138414 246.992979138414 314.085660588137 3.09511930404772 40598.7174312853 -3759030.41906942
36700 0.0917499999999987 42.2634844703544 42.2630461725855 42.2634882543519 246.92501189044 246.92501189044 246.92501189044 314.519876408274 3.09767584519394 40654.8441750307 -3755925.90683054
36800 0.0919999999999987 42.470922814204 42.4686394731692 42.465201501379 246.857044642465 246.857044642465 246.857044642465 314.826858346642 3.10023520268936 40694.524665216 -3752792.59333542
36900 0.0922499999999987 42.6696565240792 42.6709774647072 42.6686577589019 246.789077394491 246.789077394491 246.789077394491 315.258599771801 3.10279738041325 40750.3315686277 -3749662.73361309
37000 0.0924999999999987 42.8744239754735 42.874978411667 42.875847006571 246.721110146517 246.721110146517 246.721110146517 315.644317425471 3.10536238225128 40800.1894386121 -3746514.41666426
37100 0.0927499999999987 43.0820476989032 43.0813120419546 43.0817390378452 246.653142898543 246.653142898543 246.653142898543 316.042378769684 3.10793021209558 40851.6428542306 -3743355.01139002
37200 0.0929999999999988 43.2919500814654 43.2912551060177 43.2914472064208 246.585175650568 246.585175650568 246.585175650568 316.047188025449 3.11050087384467 40852.2644987064 -3740131.94020668
37300 0.0932499999999988 43.4981781485942 43.5000110379018 43.4955716475848 246.517208402594 246.517208402594 246.517208402594 316.439839456301 3.11307437140357 40903.0186288387 -3736946.37539706
37400 0.0934999999999988 43.7114995623437 43.7108838693966 43.7111910898102 246.44924115462 246.44924115462 246.44924115462 316.974267618891 3.11565070868374 40972.0988215469 -3733766.31201634
37500 0.0937499999999988 43.922518480004 43.920757605464 43.9232603667783 246.381273906646 246.381273906646 246.381273906646 317.439190097521 3.11822988960311 41032.1947084523 -3730564.1288118
37600 0.0939999999999988 44.1392210242086 44.1366824010238 44.138262752553 246.313306658671 246.313306658671 246.313306658671 317.274809351301 3.1208119180861 41010.9468506087 -3727267.30316683
37700 0.0942499999999988 44.3492909822983 44.3485777825507 44.3495924802056 246.245339410697 246.245339410697 246.245339410697 318.306887092735 3.12339679806365 41144.3532357111 -3724112.36960413
37800 0.0944999999999988 44.571134784034 44.5695198920559 44.5706505698069 246.177372162723 246.177372162723 246.177372162723 318.46290295119 3.12598453347319 41164.5198480307 -3720830.9543351
37900 0.0947499999999988 44.7845135560037 44.7831934921267 44.7820565063226 246.109404914749 246.109404914749 246.109404914749 318.833987406824 3.1285751282587 41212.4862306068 -3717563.59100065
38000 0.0949999999999988 45.0063313867398 45.0024008640888 45.006457284197 246.041437666774 246.041437666774 246.041437666774 319.286842032108 3.13116858637067 41271.0222265989 -3714294.00036105
38100 0.0952499999999988 45.2324101247476 45.2271081154577 45.2271374193215 245.9734704188 245.9734704188 245.9734704188 319.534323462767 3.13376491176616 41303.0116802212 -3710984.04642321
38200 0.0954999999999988 45.4516108579297 45.4497231181913 45.4510553781148 245.905503170826 245.905503170826 245.905503170826 319.942583515309 3.1363641084088 41355.7833810387 -3707681.19521404
38300 0.0957499999999989 45.6770191109483 45.6770161190482 45.676548623444 245.837535922852 245.837535922852 245.837535922852 320.18999472185 3.13896618026879 41387.7637574905 -3704343.7242056
38400 0.0959999999999989 45.9027932297565 45.901934238878 45.9013710526895 245.769568674877 245.769568674877 245.769568674877 320.92777048193 3.1415711313229 41483.1286638509 -3701056.12422883
38500 0.0962499999999989 46.1296782519215 46.1290449624821 46.1292584102662 245.701601426903 245.701601426903 245.701601426903 321.012995764052 3.14417896555452 41494.1448851594 -3697669.87625797
38600 0.0964999999999989 46.3619037158368 46.3593863519579 46.360101422613 245.633634178929 245.633634178929 245.633634178929 321.451400369926 3.14678968695368 41550.813071415 -3694315.69112142
38700 0.0967499999999989 46.5908738883365 46.5899398662935 46.5892688815477 245.565666930955 245.565666930955 245.565666930955 322.075889097342 3.14940329951698 41631.5344941502 -3690971.60694011
38800 0.096999999999999 46.8270950710952 46.8235340933982 46.8258519318698 245.49769968298 245.49769968298 245.49769968298 322.091213421096 3.15201980724772 41633.5153164798 -3687534.17738845
38900 0.097249999999999 47.0644238725731 47.0614728174603 47.0611647911895 245.429732435006 245.429732435006 245.429732435006 322.778685532135 3.15463921415581 41722.3779723735 -3684169.6255498
39000 0.0974999999999987 47.2966571286462 47.2932731026793 47.2960132615255 245.361765187032 245.361765187032 245.361765187032 323.145936668878 3.15726152425785 41769.8488600893 -3680748.91112103
39100 0.0977499999999987 47.5443848655654 47.5420283549821 47.5409135255354 245.293797939058 245.293797939058 245.293797939058 323.218384023904 3.15988674157712 41779.2134063404 -3677275.61046197
39200 0.0979999999999987 47.7777412526446 47.7793803367513 47.779397324985 245.225830691084 245.225830691084 245.225830691084 323.73515293601 3.16251487014357 41846.0109640531 -3673845.19988424
39300 0.0982499999999987 48.0213298442921 48.0216234426092 48.0199058741056 245.157863443109 245.157863443109 245.157863443109 324.020991232008 3.16514591399388 41882.9584266928 -3670369.81978127
39400 0.0984999999999988 48.2619388945075 48.2616360288643 48.2627690032699 245.089896195135 245.089896195135 245.089896195135 324.845208655622 3.16777987717143 41989.4967838421 -3666949.56693121
39500 0.0987499999999988 48.5177969423305 48.5214472744038 48.5186111218699 245.021928947161 245.021928947161 245.021928947161 324.519360552472 3.17041676372636 41947.3776529002 -3663365.31497478
39600 0.0989999999999988 48.7644168720108 48.760943146964 48.761547128766 244.953961699187 244.953961699187 244.953961699187 325.527096194845 3.17305657771551 42077.6375778949 -3659938.58881826
39700 0.0992499999999988 49.0094093313058 49.0078668128914 49.0102340847615 244.885994451212 244.885994451212 244.885994451212 326.214958981795 3.17569932320253 42166.550732563 -3656455.04918912
39800 0.0994999999999988 49.2673484588318 49.2712563227758 49.2706817249373 244.818027203238 244.818027203238 244.818027203238 325.964303694252 3.17834500425779 42134.1510261499 -3652834.5745012
39900 0.0997499999999989 49.5203008260686 49.5166685214649 49.5183521914791 244.750059955264 244.750059955264 244.750059955264 326.95882629586 3.18099362495848 42262.7030332874 -3649360.01845211
40000 0.0999999999999988 49.7779651167862 49.7773163940624 49.7784263747157 244.68209270729 244.68209270729 244.68209270729 327.161985304709 3.18364518938858 42288.9633699688 -3645766.98332
