# Fix print output for fix def1
100 0.000999999999998591 -0.209767039072314 0.243353403917951 0.0698072164175351 133.471415824286 130.456793843968 131.799391617847 298.941775966842 2.32156602739204 4414.33859361221 -490914.695412478 -486006.694089458
200 0.00199999999999847 0.0619758169063969 -0.0557881508757255 0.221688546359218 133.182745844142 130.816241176168 131.667460294907 298.43882877017 2.32252995715784 4406.91179883374 -490915.006994062 -485420.529577249
300 0.00299999999999857 0.0497145884598987 -0.0372030840220147 0.339774862390225 133.259953106321 130.816670779401 131.535528971966 301.889428080381 2.32350488366699 4457.86524505882 -490965.182199857 -484826.694937972
400 0.00399999999999846 0.00599340122957748 0.0323660956119802 0.457010173253404 133.324359323591 130.822661535047 131.403597649025 302.468952037893 2.32460770068266 4466.42281438245 -490971.027827855 -484142.509024914
500 0.00499999999999855 -0.0241457802486868 0.0454204250861733 0.602706013013514 133.34317918436 130.880370716062 131.271666326084 297.797207841371 2.32558969200149 4397.43727149707 -490897.318208796 -483525.779098684
600 0.00599999999999844 -0.00858772490835236 0.0103527880362407 0.767738835143194 133.374811500477 130.915814225921 131.139735003143 296.880733988162 2.32674710497293 4383.90411479065 -490876.632079804 -482826.837842904
700 0.00699999999999854 0.022361580391338 -0.0302892158390839 0.909067480291191 133.424275387302 130.944109912411 131.007803680203 300.549309814903 2.32772369306641 4438.07632208152 -490921.390741151 -482192.116284432
800 0.00799999999999842 0.0437206602583141 -0.0147888006086829 1.01790766667047 133.451855386335 130.982529647544 130.875872357262 300.67508511878 2.32890532791256 4439.93358935783 -490912.265059636 -481489.845557689
900 0.00899999999999852 0.00255782249151441 0.0210562020213806 1.15410622097936 133.4894080143 131.022963046671 130.743941034321 298.785724592122 2.32988034775543 4412.03425323093 -490871.180284384 -480856.072469561
1000 0.00999999999999862 -0.0222813678903466 0.0413870853391142 1.30463416433628 133.527505765137 131.054989955994 130.61200971138 299.846712504113 2.33099855167964 4427.70138396939 -490871.330970664 -480148.880094447
1100 0.0109999999999985 -0.0156305658697669 0.0114993822004255 1.46468055624101 133.569872585308 131.084247495034 130.48007838844 300.686634984796 2.33209473153389 4440.10414102844 -490866.164045767 -479484.008003464
1200 0.0119999999999986 0.0323208905434157 -0.0283959789395796 1.59401586767164 133.597514494051 131.13023053464 130.348147065499 300.453309874221 2.33315369542347 4436.6587341858 -490843.261591684 -478814.971115763
1300 0.0129999999999985 0.0283295084257177 -0.0117708758583025 1.71729293811656 133.634541320307 131.165821449923 130.216215742558 298.595901358512 2.33423691491632 4409.23121901673 -490794.060254747 -478151.32344211
1400 0.0139999999999986 0.00336990652900453 0.0129155920779766 1.84756230851538 133.674588779649 131.203836794948 130.084284419617 299.974132914415 2.33522746275619 4429.5829437915 -490789.862600394 -477513.217891402
1500 0.0149999999999985 -0.0240377350217638 0.037887433391046 2.00818882591101 133.716951713136 131.226651651311 129.952353096676 302.035049272113 2.33645139405359 4460.01556762458 -490793.479329753 -476740.551408238
1600 0.0159999999999986 -0.0148977464354281 -0.00675620927249933 2.14902967572443 133.752841083826 131.275608388067 129.820421773736 300.297378378889 2.33732628215241 4434.35616400945 -490739.000205654 -476215.770989311
1700 0.0169999999999984 0.0268710917872811 -0.016220527282865 2.29320488076995 133.779528921705 131.308024700877 129.688490450795 298.832507599286 2.33865978693618 4412.72507683155 -490686.135537941 -475353.829327661
1800 0.0179999999999985 0.0350340317724371 -0.012241986348902 2.39472041672768 133.820847749219 131.350144065467 129.556559127854 301.863602814287 2.33956803129975 4457.4838949834 -490696.955275664 -474785.638431243
1900 0.0189999999999984 0.00408315754880794 0.0194507576887812 2.54434575447543 133.862928311202 131.376398101136 129.424627804913 301.603178523759 2.34074884127857 4453.63832675303 -490656.993846307 -474043.241322112
2000 0.0199999999999985 -0.0272065494507385 0.00765862901705905 2.70330238681473 133.901042003094 131.420345640357 129.292696481972 302.040152936247 2.34168707578367 4460.09093113469 -490625.276214587 -473461.441594358
2100 0.0209999999999986 -0.0107166680253782 0.0070153774293545 2.84747143567309 133.931425494001 131.45508720836 129.160765159032 297.924151539167 2.34292785505991 4399.31179192028 -490524.272407705 -472670.900111405
2200 0.0219999999999985 0.0233026936225613 -0.0150444330252307 2.96476334659488 133.969732778754 131.495441300161 129.028833836091 302.428798956924 2.34393332456228 4465.82989191654 -490548.038154989 -472022.684387605
2300 0.0229999999999986 0.0275158360875257 0.000148210882559968 3.0817581601662 134.015897151018 131.523721743062 128.89690251315 301.755771282216 2.34501985941874 4455.89159530535 -490493.85812603 -471340.212587229
2400 0.0239999999999985 0.00908860390178631 -0.00020859868295058 3.23352886495318 134.046470368089 131.568578318195 128.764971190209 302.960717103475 2.34608700506791 4473.68448766638 -490465.924801824 -470672.850528265
2500 0.0249999999999986 -0.0207923621669218 0.0120818535500168 3.39472488274683 134.083104818388 131.604549913336 128.633039867268 299.321551373012 2.34720984771563 4419.94656602403 -490364.89660459 -469954.721147878
2600 0.0259999999999985 -0.011439604616973 0.00695453197550682 3.5257423371821 134.124305965526 131.640049265358 128.501108544328 301.814717331456 2.34826451619005 4456.76202507134 -490352.571890753 -469274.373857883
2700 0.0269999999999986 0.0174156394346296 0.00891761790892174 3.6265412069583 134.167907343698 131.670844139467 128.369177221387 299.624558380223 2.34936443633821 4424.42093405687 -490269.719469163 -468610.660817776
2800 0.0279999999999985 0.0403682783881308 -0.0136490146525954 3.76619066629144 134.193903247394 131.719063263863 128.237245898446 303.761071503346 2.35046513042587 4485.50296069342 -490278.387896889 -467905.925646265
2900 0.0289999999999986 0.0066222718013294 -0.0121809494490718 3.92856944328397 134.233816721154 131.756626986952 128.105314575505 299.86448852867 2.35151557426252 4427.96387451956 -490166.676881735 -467246.476377655
3000 0.0299999999999984 -0.0215493818404729 0.0086377609263024 4.07153997484481 134.277153012134 131.788837797059 127.973383252565 300.745042709894 2.35260496603731 4440.96662160424 -490123.376809882 -466559.760143967
3100 0.0309999999999985 -0.016328722806002 0.027653168709349 4.17463960836921 134.323788335769 131.819740083586 127.841451929624 296.396332214435 2.35366330594771 4376.75117192188 -490001.398708255 -465910.91047955
3200 0.0319999999999986 0.0251327993565502 0.00290094758437643 4.30300092911931 134.347604326749 131.866362302313 127.709520606683 303.035030100302 2.35484424291378 4474.78183422774 -490039.656941153 -465178.158976022
3300 0.0329999999999985 0.0193970125357289 -0.0199784066245338 4.45805277244347 134.386928547594 131.908362900919 127.577589283742 300.984578001507 2.35583930770254 4444.50373139387 -489947.65543898 -464530.144743946
3400 0.0339999999999986 0.0154549817580989 -0.0114170786965007 4.60498163907157 134.425372245923 131.93835992369 127.445657960801 301.050951864205 2.35706761544005 4445.48384433648 -489884.955064741 -463764.710579525
3500 0.0349999999999985 -0.0116655547120239 0.00639944552855127 4.71956785705722 134.475080801819 131.974655844959 127.313726637861 297.310772210907 2.3579893052754 4390.25429558172 -489764.414862646 -463212.956772214
3600 0.0359999999999986 0.00329020334391736 0.0274214382342108 4.84595966859685 134.49981621826 132.013985899445 127.18179531492 301.398859314585 2.35929815283382 4450.62123699514 -489757.170731124 -462394.789101108
3700 0.0369999999999985 0.00113518270328248 0.00722182924159773 4.97592764271794 134.542668429144 132.058883936638 127.049863991979 301.13626985807 2.36019317257397 4446.74369673359 -489683.432779379 -461828.215833545
3800 0.0379999999999986 0.0228665539719482 -0.0120144815843957 5.12770648153016 134.581411825133 132.090657265321 126.917932669038 303.010511015893 2.36139828365422 4474.41977194909 -489639.101932954 -461043.984334095
3900 0.0389999999999985 0.00204357587855815 -0.0145131335659252 5.25943914988058 134.629899509525 132.12524034348 126.786001346097 298.081310862271 2.36238565484943 4401.63249287644 -489492.622666307 -460471.698581317
4000 0.0399999999999986 0.0126506877325892 -0.00311028422727578 5.38714813858751 134.655105410089 132.171103016301 126.654070023157 300.629563316899 2.36358336534314 4439.26138940771 -489454.377980406 -459706.160562648
4100 0.0409999999999987 0.000861313290781277 0.0185416553597757 5.5175144595049 134.694269192801 132.206317355601 126.522138700216 302.037981814899 2.36473001032708 4460.05887116339 -489396.996325378 -458982.938331722
4200 0.0419999999999985 -0.00923869222737438 0.00993060218979273 5.63798791201124 134.745045903318 132.244242733379 126.390207377275 302.166071576144 2.36562775294247 4461.95031498947 -489318.692932418 -458435.768231647
4300 0.0429999999999986 0.0033608522096976 0.0040696155251976 5.79053808366893 134.777440601389 132.277492841584 126.258276054334 298.688933790947 2.36693536653879 4410.60498705443 -489185.217058002 -457622.272390142
4400 0.0439999999999985 0.0100748465578193 -0.0282231048445279 5.90717395015807 134.817718119504 132.328495524768 126.126344731394 298.685636923697 2.36779040899845 4410.55630370031 -489100.778394741 -457121.413789034
4500 0.0449999999999986 0.0244421728765938 -0.00773821324794912 6.05074104649064 134.847980167379 132.35863190037 125.994413408453 300.567268228102 2.36919828501873 4438.34150588264 -489041.662447777 -456216.141653117
4600 0.0459999999999985 -0.00128013435987504 0.00080235173016273 6.15866154914288 134.900628201617 132.40019315369 125.862482085512 301.712672413076 2.37001192345915 4455.25517371198 -488969.550323821 -455712.476254445
4700 0.0469999999999986 -0.0132523217004827 0.0281268998571802 6.2977768380598 134.940660322464 132.428643849947 125.730550762571 299.723482871701 2.37128543148156 4425.88170747729 -488849.287204644 -454914.997689155
4800 0.0479999999999985 -0.00758820453322931 0.00504717371534746 6.42287614777603 134.973399479436 132.480920189868 125.59861943963 299.462306213815 2.37226404057922 4422.02502937691 -488752.410000171 -454330.991581011
4900 0.0489999999999986 0.0233018541508344 -0.00775676625485067 6.56287703893366 135.005946941261 132.514927206194 125.46668811669 300.483550676816 2.3735767418644 4437.10528650042 -488672.314623647 -453514.144714615
5000 0.0499999999999987 0.00898140929659736 -0.0202590639435361 6.68416597667625 135.05789503811 132.552225293214 125.334756793749 300.396534798834 2.37449298757581 4435.8203622131 -488574.05771618 -452988.042560733
5100 0.0509999999999986 0.00912374200637924 -0.00503361398313674 6.81997347455895 135.089319668292 132.590778291178 125.202825470808 298.192257615889 2.37575115787653 4403.27079362831 -488442.70202734 -452200.394649217
5200 0.0519999999999987 -0.0040553481110687 0.00950641001821933 6.92647863477455 135.132058449404 132.634507582973 125.070894147867 298.228531216632 2.37672118520373 4403.80642955666 -488342.530694014 -451609.616881935
5300 0.0529999999999985 0.00405383506518029 0.0226309260545451 7.0524007707159 135.168470689566 132.667494648064 124.938962824926 300.769634480865 2.37799857170577 4441.32975721262 -488277.102844574 -450838.095727399
5400 0.0539999999999986 -0.00162152314238577 0.00418308832966072 7.18165920621005 135.216206615024 132.708561439706 124.807031501986 299.741794307496 2.37893551860248 4426.15210420412 -488157.229948953 -450256.523735493
5500 0.0549999999999985 0.0133256784607122 0.0012593308727844 7.31489601592272 135.250126467815 132.742984986417 124.675100179045 297.129214169588 2.38023824287804 4387.5733097403 -488012.473396169 -449492.203686396
5600 0.0559999999999986 0.00540323422751167 -0.0160720987445401 7.44676712883764 135.290384279584 132.792523889454 124.543168856104 297.084371569136 2.38116201785358 4386.91113925184 -487903.7029474 -448901.023506059
5700 0.0569999999999985 0.0200180109277127 -0.00336761525632333 7.55915681725759 135.327131184384 132.827104975362 124.411237533163 300.798193421065 2.3824194243069 4441.75147422259 -487848.379430539 -448159.113717656
5800 0.0579999999999986 0.00293675194919897 0.017146726904993 7.66153741242089 135.375416555082 132.861986911122 124.279306210222 300.937566295095 2.38347194706674 4443.80953069442 -487738.377777346 -447570.52333904
5900 0.0589999999999985 -0.000447517429815818 0.0113277740950196 7.80672104613433 135.408111827337 132.904178699728 124.147374887282 297.426867210979 2.3846714640135 4391.96861817074 -487572.519981183 -446842.40544598
6000 0.0599999999999986 -0.00662212099680177 -8.3911185083593e-05 7.94033024077046 135.450297073934 132.94550244606 124.015443564341 295.363109581902 2.38572307551584 4361.49403856262 -487425.87020867 -446203.182412408
6100 0.0609999999999987 0.0144027046936158 -0.0170328184745161 8.0541523564091 135.489729170731 132.987563401579 123.8835122414 299.976158990438 2.3868135821447 4429.61286194379 -487375.52957344 -445554.036984521
6200 0.0619999999999986 0.0215903737085668 -0.000851358808642284 8.16103199330379 135.533941627792 133.01614895976 123.751580918459 300.422559541052 2.38806541570199 4436.20465786263 -487261.622685253 -444848.571216122
6300 0.0629999999999987 0.000953695772462646 0.000263860807546392 8.27350413922263 135.573768070707 133.064962829585 123.619649595519 296.521291437109 2.389035051841 4378.59638849457 -487081.723061584 -444310.424853164
6400 0.0639999999999986 -0.0111222634511521 0.0215682645041405 8.4298479909363 135.607498543788 133.098546000135 123.487718272578 295.715068686416 2.39038927504102 4366.69126017343 -486945.331688403 -443439.909078109
6500 0.0649999999999987 -0.00564037042166179 0.00142467243128907 8.53184600127654 135.651139347861 133.145802731786 123.355786949637 300.028106833044 2.39132695580196 4430.37995234368 -486882.478639095 -442923.883380548
6600 0.0659999999999985 0.012575473959913 0.00640825977798645 8.64216312272997 135.690116750116 133.176226398279 123.223855626696 299.870238546434 2.39265289307505 4428.04878244267 -486751.641439731 -442198.734989689
6700 0.0669999999999986 0.010071176249952 -0.0132587794966726 8.74950191483581 135.7288652863 133.223144954974 123.091924303755 296.418219058083 2.39369025997149 4377.0743650865 -486570.395442394 -441691.464700057
6800 0.0679999999999985 0.0130598164683396 -0.00492368101221691 8.88575999088632 135.766144971061 133.261446897054 122.959992980815 293.632997789367 2.39491207213416 4335.94625678354 -486396.860293627 -440896.656996186
6900 0.0689999999999986 0.000695361772053984 -0.00147050426853231 8.99870991431895 135.81345622351 133.299822559138 122.828061657874 298.937610588121 2.39595933450706 4414.2770853403 -486340.515402919 -440298.654929813
7000 0.0699999999999985 -0.00295692418735187 0.0118366343476963 9.11602261826478 135.856671106562 133.333906797688 122.696130334933 300.178258611156 2.3971597362419 4432.59717603842 -486222.457103193 -439596.019928875
7100 0.0709999999999986 0.00287202878593168 0.00976103859171639 9.21232380662132 135.884695736825 133.380353145912 122.564199011992 296.401842661295 2.39840970689542 4376.83254220935 -486028.828732704 -439017.731909687
7200 0.0719999999999987 -0.00165911555874804 -0.00103678344244479 9.33622522684236 135.93054436806 133.421343009467 122.432267689051 293.363659363678 2.39944697037489 4331.96905753323 -485843.931900323 -438394.565111821
7300 0.0729999999999986 0.012274063418222 -0.00933221790714467 9.45975140144417 135.972284803625 133.45556354408 122.300336366111 297.943748149815 2.40068226138757 4399.60116624546 -485769.59267424 -437678.398460179
7400 0.0739999999999987 0.0100659425155976 -0.00752629403579775 9.56816650300175 136.016166111032 133.494789312718 122.16840504317 299.590818805889 2.40179350602991 4423.92271695545 -485650.117677969 -437056.325300979
7500 0.0749999999999986 0.0195114505878282 0.00696907443068378 9.6659223273701 136.044200620915 133.538437633772 122.036473720229 297.369734156128 2.40310883295883 4391.1249600765 -485471.744272543 -436373.589409888
7600 0.0759999999999987 -0.0104004269380734 0.0133640477489868 9.76070900172246 136.092072474344 133.576944314509 121.904542397288 290.728546740234 2.40417010765702 4293.05753600179 -485226.045244395 -435917.100122915
7700 0.0769999999999986 -0.00489379810540285 0.00439500548999724 9.89765423185489 136.135993595185 133.615130198552 121.772611074348 297.23236008991 2.40531074169701 4389.09641909956 -485172.261732284 -435173.487755277
7800 0.0779999999999987 0.00363407825222629 0.00399214754015849 10.0263267277042 136.176252972328 133.646729731098 121.640679751407 299.768536208043 2.40663849522715 4426.54698980774 -485058.26817501 -434417.141996442
7900 0.0789999999999985 0.00936371098440634 -0.0102677843204427 10.0976018051728 136.211602529139 133.699591476376 121.508748428466 296.952601828161 2.40767400327611 4384.96535482217 -484863.715143925 -433995.180014997
8000 0.0799999999999986 0.0155380283063127 0.0134769903674602 10.2006746675761 136.245474414454 133.730614019737 121.376817105525 292.151550858749 2.40913282440427 4314.07039704776 -484637.862002209 -433256.466614049
8100 0.0809999999999987 -0.00699474524167264 -0.0051319338368582 10.3094459178668 136.294056228682 133.778124236779 121.244885782584 295.521015243851 2.41003842052667 4363.82576036843 -484530.666612858 -432806.15177807
8200 0.0819999999999986 0.0064361716125063 0.0119893385938934 10.4384099117914 136.329560460719 133.804752515663 121.112954459644 297.875413022296 2.41155539055582 4398.59209218837 -484406.891470697 -431944.19735741
8300 0.0829999999999987 -0.00132606439225456 -0.00102981270181726 10.5061085413979 136.369236321701 133.855057034832 120.981023136703 295.77816644989 2.41257580926505 4367.62299643402 -484215.692963373 -431588.736488248
8400 0.0839999999999986 0.00473660470553213 0.00483857519751451 10.6025966078054 136.407299050646 133.892958194344 120.849091813762 290.03512381383 2.41385220793979 4282.81807189268 -483968.647018045 -430954.147447282
8500 0.0849999999999987 0.00298252392002447 -0.0020626777378519 10.7310561137877 136.453038390259 133.926759927429 120.717160490821 296.253430868705 2.41507059246557 4374.64101209731 -483896.191193104 -430264.583581032
8600 0.0859999999999986 0.0108797319041489 -0.00796254838836514 10.8461377725095 136.493981547725 133.965798791528 120.58522916788 298.102731473747 2.41628334459086 4401.94880140051 -483757.680532297 -429586.395294264
8700 0.0869999999999987 0.0117216155955233 -0.00310261211615177 10.9100311124075 136.522263769848 134.010510024488 120.45329784494 295.070144177954 2.41762188192069 4357.16795036348 -483545.596654009 -429127.560969708
8800 0.0879999999999986 -0.00761431053903987 0.00349509365973353 11.0031686167444 136.571143873146 134.049636464706 120.321366521999 291.36169916866 2.4187003676352 4302.40701280675 -483321.667182759 -428612.256378941
8900 0.0889999999999986 0.00551897896525659 0.0142695697301205 11.1072400750959 136.610314754588 134.081760552392 120.189435199058 294.107604306304 2.42008112053461 4342.95455750604 -483191.161082593 -427883.786863787
9000 0.0899999999999988 -0.00443074250398936 -0.00079783373528999 11.2153178415396 136.655719800672 134.121652768629 120.057503876117 295.470675440727 2.42121521005666 4363.08241516348 -483038.744023596 -427354.854355525
9100 0.0909999999999986 0.0234451018720092 -0.00284930989137453 11.2892954943578 136.674733659671 134.166444088641 119.925572553176 294.350760834867 2.42273251227453 4346.54514047108 -482848.084926367 -426756.257013254
9200 0.0919999999999987 -0.00295436295030282 -0.00700230388528384 11.3797272207839 136.731223462845 134.204886329684 119.793641230236 289.891937609374 2.42370422255147 4280.70370568757 -482606.171123079 -426327.079128881
9300 0.0929999999999986 0.0060889396965649 0.00361608739069177 11.4795617671315 136.771930710579 134.234007087753 119.661709907295 292.691138320116 2.42512806208304 4322.03824211605 -482469.813795208 -425633.734544937
9400 0.0939999999999987 0.00084184188544109 0.012097313235082 11.566853768752 136.809141934409 134.27359631812 119.529778584354 294.553163123908 2.42642883694766 4349.53392393254 -482318.018156163 -425069.048919866
9500 0.0949999999999986 0.000542925489999285 -0.00466595445458944 11.6409720519722 136.841184802082 134.32586795798 119.397847261413 293.764208627712 2.42759612717545 4337.88378814974 -482125.430378085 -424653.026125919
9600 0.0959999999999987 0.0051544897616963 0.00935159676114602 11.7425991746755 136.872415733092 134.356990604084 119.265915938473 290.805208291295 2.42916416498928 4294.18956260596 -481899.438626427 -423956.284762689
9700 0.0969999999999986 0.000438649642904636 -0.000524113019495331 11.8151352766475 136.926263114271 134.395226264074 119.133984615532 290.965653803465 2.43020632813647 4296.55878923631 -481717.910505108 -423531.100116486
9800 0.0979999999999987 0.00428352440302871 0.0090431881214473 11.9033219463288 136.972617107711 134.420373472452 119.002053292591 293.442704794508 2.43162224273875 4333.13628581651 -481568.827840513 -422913.681771937
9900 0.0989999999999986 0.016079560254527 -0.0101938335150393 11.9986386852427 136.994348198692 134.478667636477 118.87012196965 294.466155225537 2.43287982748768 4348.24911747655 -481396.78202499 -422354.228511813
10000 0.0999999999999987 0.00940551394826603 0.00928196520752353 12.0803385180613 137.030196575347 134.509075606594 118.738190646709 289.439084778405 2.43439539685457 4274.01663185017 -481134.093323431 -421769.528573051
10100 0.100999999999999 -0.0158542987079951 0.00903382897522087 12.1102610965584 137.085334662252 134.543447287998 118.606259323769 288.957898592359 2.43550069046035 4266.91117211672 -480936.701198878 -421584.151402967
10200 0.101999999999999 0.0146857319360911 0.00560686092484067 12.252605944912 137.107578999633 134.583635861149 118.474328000828 294.154362917358 2.43708928695879 4343.64502086029 -480821.929517965 -420657.812440202
10300 0.102999999999999 0.00211372243746289 -0.00462192251036954 12.3142656492221 137.161180705457 134.623047716596 118.342396677887 294.06602063947 2.43813876833058 4342.34051022284 -480627.435371136 -420311.985578269
10400 0.103999999999999 0.00333532958922532 0.00487099603583046 12.3653345561006 137.196981418292 134.655980616697 118.210465354946 287.226162725262 2.43962617098249 4241.33940835991 -480331.778866224 -419870.740519196
10500 0.104999999999999 0.00453110479432378 -0.000406815156660174 12.4679119082558 137.224395529819 134.700999095243 118.078534032005 290.748536713764 2.44104799104465 4293.35271893951 -480187.705123358 -419260.142444977
10600 0.105999999999999 0.0128623480982911 -0.00789511618916183 12.5475972666804 137.270839018937 134.734907455981 117.946602709065 292.356998858891 2.44233684383674 4317.10415515359 -480014.335019466 -418727.429901925
10700 0.106999999999999 0.0100608215678464 0.00383649206375498 12.5872153622027 137.312602930203 134.767432982709 117.814671386124 291.217083429878 2.4437382220297 4300.27153731196 -479798.649664477 -418341.037383011
10800 0.107999999999999 0.00754900398630572 0.00920453354024383 12.6803348413381 137.341761716317 134.812973693264 117.682740063183 289.045258835557 2.44513217062458 4268.20118149012 -479566.37570603 -417738.331025478
10900 0.108999999999999 -0.0158902063778397 0.00967634206798322 12.7595636056928 137.390442166935 134.838754286616 117.550808740242 289.36068189099 2.44654123266089 4272.85889171617 -479369.490648289 -417315.035969962
11000 0.109999999999999 -0.00588199445682285 -0.000855484285877981 12.7964536166382 137.420791251036 134.882858295893 117.418877417301 289.859778326422 2.44794854272078 4280.2288240374 -479174.224750501 -416980.947918637
11100 0.110999999999999 0.0332360343580326 -0.00292392788541357 12.8659291316443 137.434278934495 134.93252439227 117.286946094361 291.290562399138 2.44955966247529 4301.35656816377 -478991.457563098 -416333.104942146
11200 0.111999999999999 0.000332236096847173 -0.00161904869465534 12.9192372283175 137.501619935742 134.961862216817 117.15501477142 287.210845268129 2.45058433973414 4241.1132223678 -478725.6825403 -416053.778934534
11300 0.112999999999999 0.0041624338472842 0.00395942025013801 13.0297603145235 137.54325512256 134.982414235804 117.023083448479 288.723866321965 2.45223104857471 4263.45532296346 -478541.084607093 -415343.962060583
11400 0.113999999999999 -0.00640010456975558 -0.00726529252713644 13.0889355053747 137.5746612177 135.029464214052 116.891152125538 289.681162525911 2.45358313656964 4277.59128494111 -478347.570068054 -414999.880588633
11500 0.114999999999999 0.0193716712496227 0.000323223813863282 13.0984693668718 137.597400146851 135.075040454009 116.759220802598 289.061767529926 2.45512094468924 4268.44495794608 -478129.602778894 -414634.397843721
11600 0.115999999999999 -0.00441396020531345 0.0197154510749028 13.1830497703535 137.647608064727 135.102315266017 116.627289479657 288.031667651219 2.45650566944431 4253.23393688639 -477903.956681624 -414095.519194305
11700 0.116999999999999 -0.00732080089917868 0.00961179474814616 13.248204726682 137.690321675839 135.1372415768 116.495358156716 287.222798306383 2.45788935362877 4241.28972750131 -477680.538176281 -413682.411769662
11800 0.117999999999999 0.00559034785385495 -0.00252565685516327 13.3049088520779 137.722393329384 135.17449665014 116.363426833775 287.362364816778 2.4594250320546 4243.35064331416 -477470.069208787 -413248.143830921
11900 0.118999999999999 0.0185063746556905 -0.00898009399680196 13.3607909000171 137.747920101065 135.223200007809 116.231495510834 290.136492349719 2.46087372240081 4284.31493541639 -477297.45265508 -412789.056538109
12000 0.119999999999999 -0.00628276367274654 0.0165320661267687 13.3823447861725 137.803016282062 135.245978919243 116.099564187894 284.919170979547 2.46227036945343 4207.27310007858 -477005.472695298 -412507.993439809
12100 0.120999999999999 -0.000282142939870548 0.00926785220814739 13.4688273240363 137.835035433378 135.283305010525 115.967632864953 286.253826330108 2.46381896847413 4226.98135465122 -476809.03775831 -411946.350950903
12200 0.121999999999999 -0.00933274476265565 -0.00552887380782088 13.550756630646 137.8717022401 135.321862103075 115.835701542012 288.254540498495 2.46526651897956 4256.52499986352 -476621.653016869 -411503.873336846
12300 0.122999999999999 0.0110795907409308 -0.00555048180360012 13.5491570194571 137.907015529735 135.367032096989 115.703770219071 288.553456043794 2.46662220023568 4260.93895112067 -476408.014721015 -411234.827273561
12400 0.123999999999999 0.0218723308474566 0.0140761370300495 13.6002368435126 137.93462461468 135.396071946904 115.57183889613 285.536599897269 2.46841415380279 4216.39039488121 -476144.24061799 -410693.844822564
12500 0.124999999999999 -0.0142942250075316 -0.00906896245099321 13.68913663496 137.990311813029 135.4351623384 115.43990757319 285.024718098197 2.46952492991505 4208.83166685231 -475916.564226244 -410368.462498296
12600 0.125999999999999 0.00231187015659484 0.00676847892303549 13.7283097706432 138.022978124349 135.459321408494 115.307976250249 286.918224395362 2.4713244972022 4236.79222170547 -475723.424664185 -409870.808672458
12700 0.126999999999999 0.012822386152968 0.000260103569697193 13.7396125362031 138.055690334527 135.513890895482 115.176044927308 287.78519922902 2.47257301842532 4249.59444867937 -475514.075485999 -409611.158180256
12800 0.127999999999999 0.00485310033461604 0.00390036608810709 13.8175399856465 138.086783020992 135.5436656765 115.044113604367 285.170447812173 2.47430750703849 4210.98359191718 -475252.413603236 -409101.615702392
12900 0.128999999999999 -0.0161876502562374 0.00173824442832306 13.8706328460303 138.13597325394 135.576240580071 114.912182281427 284.491938410491 2.47567118820114 4200.96434911217 -475018.321270654 -408777.831993169
13000 0.129999999999999 -0.00122485227477108 0.0205982142874807 13.8821048998076 138.173240884343 135.611068666889 114.780250958486 286.163981389523 2.47721192064248 4225.65465487036 -474818.270360545 -408389.000617557
13100 0.130999999999999 0.0171484980476681 0.00996450528988365 13.9290343388466 138.201603558559 135.655043535444 114.648319635545 286.915791196017 2.47874980285788 4236.7562917464 -474603.334446568 -407957.085107233
13200 0.131999999999999 -0.00497568411823487 -0.0104444256253918 14.00010742755 138.246791953187 135.688419618336 114.516388312604 285.308418970806 2.48018413334947 4213.02094988895 -474352.828679483 -407638.855039241
13300 0.132999999999999 -0.00574852013461635 -0.00134150866022374 14.0466401101148 138.287690009697 135.721219628403 114.384456989663 284.652621076547 2.48171052823352 4203.33707768716 -474115.346138786 -407204.453894828
13400 0.133999999999999 0.00645203407850945 0.0224708259698085 14.0476041251675 138.322885243828 135.755713935623 114.252525666723 286.418508558997 2.48331291487746 4229.41314296958 -473912.964920029 -406851.408871906
13500 0.134999999999999 -0.00175131441505179 0.00440580565016596 14.0954702767267 138.358813814359 135.804260606126 114.120594343782 285.424760739259 2.48464967412793 4214.73891639552 -473668.962222309 -406559.532303956
13600 0.135999999999999 0.000493610961293713 -0.000627460344049149 14.1771458423828 138.388060912202 135.836581567468 113.988663020841 284.972003283036 2.48640795267056 4208.05325091405 -473432.06288507 -406022.111413826
13700 0.136999999999999 -0.00110545081982043 -0.0134227579957192 14.2062409286434 138.443445225705 135.868883743887 113.8567316979 285.851498476207 2.48770165415242 4221.04036039903 -473213.9961123 -405758.422407272
13800 0.137999999999999 0.033816768260545 0.0171393599316821 14.2055495285554 138.471520699637 135.903129247172 113.724800374959 285.905875911236 2.48945518297874 4221.8433274962 -472982.922553416 -405282.590281034
13900 0.138999999999999 -0.0114617599755363 -0.0130890106974602 14.2859473204499 138.508112053409 135.955926915763 113.592869052019 285.520572679353 2.4907204709829 4216.15372817123 -472744.666680418 -405060.50501302
14000 0.139999999999999 -0.0185274804278913 0.00767715939070942 14.3174832300001 138.551191039529 135.985078063261 113.460937729078 285.018759805848 2.49230693971246 4208.74368343218 -472503.886315097 -404666.346162414
14100 0.140999999999999 -0.00289363110026633 0.0323384040131654 14.3322165747332 138.592634693308 136.011669568868 113.329006406137 284.533198214362 2.49397450743236 4201.57361405684 -472262.434351557 -404230.03342186
14200 0.141999999999999 -0.00119519777998508 -0.0037787405645164 14.383502580885 138.626820696996 136.065543544135 113.197075083196 285.223633181623 2.49527712063726 4211.76895631873 -472037.693153105 -403953.490528052
14300 0.142999999999999 0.00642641163119768 -0.00212757316040831 14.4456480705047 138.658258873331 136.098921505981 113.065143760255 286.123629483436 2.49700980840361 4225.05879644345 -471815.31899738 -403445.113195136
14400 0.143999999999999 0.0072757142268953 -0.00443438285902967 14.4343188456411 138.711458506025 136.139673928345 112.933212437315 285.520289382971 2.49822003776224 4216.14954486112 -471569.810693096 -403296.322830261
14500 0.144999999999999 0.0126109335689667 0.0167113745547849 14.5018982104225 138.746409742963 136.163342614425 112.801281114374 285.489857357204 2.50007722338375 4215.70016884003 -471331.974276461 -402689.487379808
14600 0.145999999999999 -0.011661013573083 -0.010956183346711 14.5465621716922 138.787041490476 136.215681709518 112.669349791433 286.068676096974 2.50131046116506 4224.24732453081 -471102.826703295 -402515.798950655
14700 0.146999999999999 0.00472444562216329 0.00963872827753296 14.5648042917874 138.818970638382 136.256638404618 112.537418468492 286.641222536828 2.50291427523583 4232.70185999315 -470872.781119084 -402073.979780002
14800 0.147999999999999 0.00690827230852315 0.0141346326869287 14.5982243475845 138.860950809398 136.290708276828 112.405487145552 287.125296364863 2.50446818173581 4239.84996023554 -470640.340955071 -401696.973862641
14900 0.148999999999999 -0.0124982010750867 -0.00938665142948364 14.6665231158653 138.912686955619 136.324274436039 112.273555822611 286.210217093817 2.5058601491671 4226.33739669595 -470386.836177426 -401380.696115441
15000 0.149999999999999 0.0310696045772692 0.015103726766235 14.635367698315 138.938071917077 136.36479976442 112.14162449967 287.529265440081 2.5076044036023 4245.81518966389 -470165.816484153 -401022.134611635
15100 0.150999999999999 0.00476216139397057 -0.00751065641077512 14.7014247344957 138.984294107501 136.412700921685 112.009693176729 285.606598861748 2.50884177539708 4217.42403806946 -469896.10734316 -400737.117898239
15200 0.151999999999999 -0.00748744631075525 -0.0146956572775964 14.7749874029549 139.024382877789 136.449931541329 111.877761853788 288.381118093965 2.51039086612218 4258.39411421851 -469695.182876547 -400296.296387543
15300 0.152999999999999 0.0196880992755948 0.037415947599564 14.716436384414 139.068254121111 136.480668756003 111.745830530848 287.198519370134 2.51199598951869 4240.93121138241 -469435.194715048 -400003.893651788
15400 0.153999999999999 -0.0177030662005893 0.00817494318368694 14.8028650658211 139.109848667005 136.529877083226 111.613899207907 287.917198151279 2.51330708767087 4251.54361732587 -469202.609983615 -399707.394506485
15500 0.154999999999999 -0.00589642895452919 -0.0110322615642148 14.8705043451715 139.137177336686 136.576574039682 111.481967884966 285.689898553919 2.51492700552942 4218.65408711429 -468926.099421128 -399240.296126605
15600 0.155999999999999 0.028379143274886 0.0113343520580995 14.8019749704693 139.191893219142 136.608244191236 111.350036562025 288.541843476546 2.51633349416327 4260.7674735692 -468723.731397688 -399084.770676048
15700 0.156999999999999 -0.0146379397934377 0.00461257617546783 14.9064178267119 139.242588146779 136.641360573604 111.218105239084 287.96557310974 2.51779088508342 4252.25794855443 -468470.288425423 -398636.846884826
15800 0.157999999999999 0.0001186687993738 -0.00503685644838242 14.9259590869536 139.26630468831 136.699214762453 111.086173916144 288.411937288881 2.51928518603407 4258.84920739211 -468231.667787399 -398322.084056295
15900 0.158999999999999 0.022905576390729 0.0124875185228442 14.8978380114835 139.308871790909 136.736548641295 110.954242593203 287.42116394718 2.52082160210645 4244.21890359582 -467971.077149269 -398062.534488266
16000 0.159999999999999 -0.00984200816293252 -0.00404085750106176 14.9731235235368 139.370532406651 136.770734108147 110.822311270262 289.648809824689 2.52207544171252 4277.11354717044 -467757.342093646 -397734.23733988
16100 0.160999999999999 0.00407290591216072 0.016940746543305 15.0072044764606 139.402454173069 136.812578211232 110.690379947321 287.521950344278 2.52373115384053 4245.70717093813 -467479.17009615 -397227.64716325
16200 0.161999999999999 0.0236658549109981 0.000494629898003335 14.9820719047304 139.438729190171 136.868647770665 110.558448624381 289.362485624632 2.52505059826998 4272.88552663865 -467258.998514768 -397111.301683974
16300 0.162999999999999 0.00287323146380103 0.00812298066588957 15.0344709037748 139.491453132846 136.898162091278 110.42651730144 287.379818902927 2.52656701673263 4243.60837994483 -466981.945236348 -396730.932496791
16400 0.163999999999999 0.00374461549634967 -0.00263888938903726 15.0227096807914 139.529644466515 136.952667307719 110.294585978499 291.169641510093 2.52789037495988 4299.57098384536 -466789.562733233 -396612.08301562
16500 0.164999999999999 0.00542526161814995 0.0130032858358432 15.0512298171554 139.578189869458 136.986657307068 110.162654655558 287.592561989773 2.52940976442836 4246.74986131106 -466488.147020579 -396202.164605335
16600 0.165999999999999 0.0017159553024081 0.0196144477688944 15.0662515302604 139.62602405365 137.028711966118 110.030723332617 289.212885787831 2.53079809519667 4270.67645321272 -466263.195840201 -395911.011523091
16700 0.166999999999999 0.00583441528997608 0.00850268693204312 15.0529620901811 139.66773740806 137.089440815298 109.898792009677 287.901580781844 2.5319573877704 4251.31300266385 -465994.669511613 -395780.899906143
16800 0.167999999999999 0.00957332365754874 0.0107799209575896 15.0986477493914 139.713310438912 137.117443850504 109.766860686736 291.135343734292 2.53365616912488 4299.06452403424 -465792.581013043 -395349.095549696
16900 0.168999999999999 0.00396388531023351 0.00648298961260041 15.073822831586 139.769585912443 137.168696264004 109.634929363795 288.34700726567 2.53473629327859 4257.89041497704 -465501.691194328 -395279.447741273
17000 0.169999999999999 0.00743035243929173 -0.0102603825672348 15.0888675962216 139.80379925127 137.226521354848 109.502998040854 290.36569041443 2.53610001133153 4287.69940003114 -465281.518845598 -395057.2101332
17100 0.170999999999999 0.00430610467393517 0.0151615989420533 15.0835028406896 139.866812243767 137.261725125456 109.371066717913 288.071164387921 2.53736436423228 4253.81716741208 -464997.722178527 -394766.179339078
17200 0.171999999999999 -0.00525878018751361 0.0165735218522851 15.0106256876369 139.928372987605 137.302483670779 109.239135394973 291.598873021892 2.53855736567158 4305.90925229915 -464799.802620779 -394900.989937562
17300 0.172999999999999 0.00285081749879655 0.00089766380987867 14.9744277789378 139.974404225237 137.368121300083 109.107204072032 288.424036156 2.53957708943565 4259.02786591479 -464503.674747103 -394869.099508747
17400 0.173999999999999 0.0428220111648015 0.00299829802709636 14.9133128003823 140.027649410368 137.422869965363 108.975272749091 289.631164268647 2.54067220463649 4276.85298319008 -464272.756989047 -394731.617890222
17500 0.174999999999999 0.00134158873322869 -0.0119262679801951 14.7891983410922 140.136837715192 137.486767430243 108.84334142615 289.743699899755 2.54058853402236 4278.51474618038 -464027.454527936 -395270.107466775
17600 0.175999999999999 0.0229514494804913 0.00951987945300732 14.494403974694 140.243597944411 137.582758961837 108.711410103209 295.094569422853 2.53996203665722 4357.52862695633 -463862.200974894 -396108.536883132
17700 0.176999999999999 0.0223727162013101 0.0339601337319135 14.2075071034388 140.401009416272 137.709041855267 108.579478780269 299.072268352414 2.53786767674063 4416.26551590984 -463682.76596685 -396966.896697532
17800 0.177999999999999 0.0596459450556727 0.0585781388554824 13.5836498704227 140.635269120904 137.906194130173 108.447547457328 313.557493255092 2.53309604652835 4630.16230941834 -463668.063761826 -399080.0429908
17900 0.178999999999999 0.120734108409691 0.0923663735403264 12.8629001530621 140.977843685128 138.155624165624 108.315616134387 331.987342937026 2.52545076687885 4902.30760079594 -463729.926363181 -401435.292504609
18000 0.179999999999999 0.18438180797727 0.139249156080229 11.9127714227982 141.400409740874 138.473799776487 108.183684811446 357.735584009546 2.51518171151045 5282.52028240075 -463928.383076984 -404719.36887192
18100 0.180999999999999 0.210596783961679 0.17896415269406 10.8624992783586 141.874870095662 138.859172294851 108.051753488506 380.383263490116 2.50286569372276 5616.94836714568 -464119.898391682 -408670.492680702
18200 0.181999999999999 0.258088762836461 0.187761665652977 9.80841165846904 142.425100852135 139.287668987495 107.919822165565 404.35608173632 2.48856498790037 5970.94417933891 -464370.957024308 -412725.573164414
18300 0.182999999999999 0.290921899518265 0.242152569150976 8.70054284954429 143.015621248227 139.739215486437 107.787890842624 436.033617179183 2.47330492420929 6438.71208097691 -464768.025507959 -416947.262486185
18400 0.183999999999999 0.304202808840463 0.22904034887365 7.55124673821654 143.609177484321 140.241069862132 107.655959519683 472.526242855406 2.45727593028067 6977.58225187824 -465269.409371532 -421823.444929311
18500 0.184999999999999 0.240536987006287 0.231559777277866 6.41349362958256 144.183074922631 140.722739453782 107.524028196742 501.41725050773 2.44211057051112 7404.20275239385 -465687.193987653 -427029.85088571
18600 0.185999999999999 0.180114881600473 0.187804874779646 5.37971920258292 144.679509767017 141.177369221622 107.392096873802 520.765660646326 2.42887395676963 7689.91201241147 -465986.643340517 -432066.488974909
18700 0.186999999999999 0.0996658864419646 0.125889628257334 4.49658075774689 145.048384511054 141.55613203211 107.260165550861 528.052060665661 2.41918659554189 7797.50700046498 -466123.72600968 -436689.721947318
18800 0.187999999999999 0.0594884882590955 0.0774966010045128 3.94236588050512 145.319452526677 141.857741134749 107.12823422792 534.995881679847 2.41250751041654 7900.04327861119 -466268.382822748 -439625.292322949
18900 0.188999999999999 0.0533280012761186 0.0700297474069893 3.63204092894098 145.524628002399 142.07633231294 106.996302904979 541.605064012879 2.40836555443711 7997.63809803903 -466418.957243362 -441137.033159488
19000 0.189999999999999 0.0337133721966784 0.0517587836580563 3.4221877956379 145.692253117909 142.278526849267 106.864371582038 548.536853257505 2.40514164394886 8099.99670846199 -466582.84343767 -442317.142526831
19100 0.190999999999999 0.0281137091093209 0.00557029152027555 3.39852172262727 145.805369807615 142.439308170943 106.732440259098 552.997120469052 2.40353029454765 8165.85946593734 -466716.620753659 -442722.197440548
19200 0.191999999999999 0.0357223228606905 0.0423270887994592 3.33222633496887 145.907120726674 142.572567675643 106.600508936157 556.28728972948 2.40257900212745 8214.44391385818 -466838.865357626 -442890.766517812
19300 0.192999999999999 0.0332242753596078 0.0118779737207991 3.32999601838261 146.028022281681 142.698138373562 106.468577613216 561.046494041798 2.40144945894629 8284.72094089063 -466986.61682817 -443123.211720604
19400 0.193999999999999 0.02404300521628 0.0292952104723756 3.41520481220866 146.163485950741 142.768463040507 106.336646290275 564.234236669709 2.40101723855434 8331.79290085133 -467113.997167196 -442769.318339174
19500 0.194999999999999 0.0428215298684012 -0.00293603241841745 3.39408946617791 146.270393151743 142.870046419189 106.204714967334 565.097704353498 2.40053477391393 8344.54333932237 -467210.568317841 -443009.539848255
19600 0.195999999999999 0.0177330019286551 0.030352110150025 3.37240537065784 146.411678365789 142.933170601136 106.072783644394 564.282141271332 2.40014069749021 8332.50028653228 -467284.905318294 -443155.591671833
19700 0.196999999999999 -0.00730896895243764 -0.0322321318515153 3.35422413169281 146.56743321305 143.021642885471 105.940852321453 566.846976670219 2.39909091652308 8370.3740559342 -467412.004059464 -443726.767566121
19800 0.197999999999999 0.0271516930485959 0.0685762136471852 3.3660677297446 146.666616869172 143.101101229303 105.808920998512 565.410698891569 2.39912500902218 8349.16518872608 -467482.888670038 -443139.382522204
19900 0.198999999999999 0.0131992549874954 -0.0104877201357804 3.39881049034515 146.761168648472 143.23908676683 105.676989675571 565.681101782307 2.39826006343325 8353.15810645244 -467580.526000709 -443505.837722014
20000 0.199999999999999 0.0316962688281219 0.0227815256438988 3.36919435929396 146.881316187319 143.329216215178 105.545058352631 564.931169532571 2.39778493863549 8342.08419461159 -467664.940278468 -443495.814469565
20100 0.200999999999999 0.032199684454864 0.018532988858331 3.42211371934137 146.974547888259 143.40867654159 105.41312702969 564.94139845634 2.39793361755584 8342.23524052286 -467761.548045557 -443365.942644571
20200 0.201999999999999 0.00282347434337617 0.0101736973658361 3.37199762812651 147.06419375428 143.528938996061 105.281195706749 565.293129425411 2.39746449498755 8347.42909336031 -467864.253970726 -443866.490416709
20300 0.202999999999999 0.0028786544848184 0.0406556304951306 3.45114933946236 147.147003938501 143.619469767505 105.149264383808 561.587316912477 2.39760939739126 8292.70702869194 -467907.741819814 -443458.536670601
20400 0.203999999999999 0.00972664165892513 -0.0273852812728878 3.43616880603863 147.235550788622 143.737403940965 105.017333060867 559.590271108826 2.39720925985402 8263.21755256984 -467976.179894854 -443905.988638055
20500 0.204999999999999 0.0291841252538314 0.0283152339028546 3.44049975750411 147.324367392028 143.815445391342 104.885401737927 557.304285043344 2.39747591099963 8229.46142570975 -468040.686854844 -443638.498828781
20600 0.205999999999999 0.00345931056900287 0.0363649688568311 3.52286233156672 147.438657393133 143.905128578397 104.753470414986 556.841701705167 2.39713975615064 8222.63066585403 -468131.885659629 -443435.140931049
20700 0.206999999999999 0.0140606238938299 0.0285799144756296 3.51989528986899 147.522309952478 143.974089287331 104.621539092045 552.771727161303 2.39765264024281 8162.53118445538 -468169.148211409 -443536.724038133
20800 0.207999999999999 0.0113278111494774 0.00911368687402594 3.50865399214366 147.603980837908 144.080987687429 104.489607769104 549.376443548543 2.39757149961551 8112.39456022616 -468216.157706653 -443787.915405351
20900 0.208999999999999 0.0307554705589077 0.0238645887265632 3.58632880513637 147.684841614542 144.165640911125 104.357676446163 548.037433486943 2.39787933146494 8092.62200159651 -468293.228049419 -443369.794518138
21000 0.209999999999999 0.0260625442112718 0.0185255706839249 3.57424589839636 147.786261080105 144.273092232883 104.225745123223 545.58189150418 2.39748005597404 8056.36211885616 -468352.401867992 -443564.67133779
21100 0.210999999999999 -0.0135217778197046 0.0131115939953424 3.59922261398592 147.884038852615 144.339349061853 104.093813800282 540.782120366244 2.39783032167246 7985.48605977686 -468376.115493044 -443754.259623862
21200 0.211999999999999 0.0211617807038929 0.0301113645303955 3.67745640191877 147.962859801615 144.424906686314 103.961882477341 538.576206789805 2.39817276517319 7952.9123273062 -468436.91929684 -443249.525587776
21300 0.212999999999999 0.0221990749669425 0.00233927941958131 3.71611468092528 148.049605279068 144.512318193521 103.8299511544 533.894056244123 2.39836149115295 7883.77311854872 -468460.090512105 -443288.085221485
21400 0.213999999999999 0.00436568439673015 0.0264095052916018 3.69667053284326 148.129928343992 144.605884510852 103.69801983146 531.567951894502 2.3985577054961 7849.42458305182 -468516.896466541 -443441.689419544
21500 0.214999999999999 0.016959953426048 -0.000423013910574335 3.74803964140169 148.217903559803 144.7112907602 103.566088508519 529.005812397943 2.39843943514821 7811.59062282562 -468569.174006151 -443359.348824782
21600 0.215999999999999 0.0648528313222428 0.046494939967897 3.74935172549162 148.31315288111 144.788312251746 103.434157185578 525.122681673494 2.3986797051851 7754.25017997338 -468600.348999114 -443005.413215599
21700 0.216999999999999 0.0331511515933395 0.00438036927988706 3.79675491584603 148.40968840158 144.848461684369 103.302225862637 523.144181737929 2.39918420629181 7725.0345623342 -468658.214346412 -443218.277499312
21800 0.217999999999999 -0.00255601054298615 0.0339090444686598 3.82961146728313 148.504777270559 144.913124244594 103.170294539696 517.938849042342 2.39964279720186 7648.16975835554 -468666.802099148 -443183.882941116
21900 0.218999999999999 -0.00433241811968445 -0.0141145462295577 3.83514115036377 148.62192360087 145.016642578144 103.038363216756 515.539424273274 2.39910766541466 7612.73853324052 -468715.570784615 -443468.645872838
22000 0.219999999999999 0.0442757478362577 0.0376923941594507 3.8553491365704 148.703341264515 145.081182881194 102.906431893815 511.553965545684 2.39980016553126 7553.88705884371 -468738.757094438 -442998.620936478
22100 0.220999999999999 0.0373090965937399 0.0224791750277339 3.9133864033925 148.803620025969 145.169175926257 102.774500570874 507.986147799046 2.3998059765737 7501.20270075083 -468766.664022136 -442913.63334465
22200 0.221999999999999 -0.025897487043697 0.00210582637603625 3.93227104593111 148.899314381485 145.238565180672 102.642569247933 503.67685031877 2.4001990060371 7437.56924531619 -468781.648497585 -443294.03064613
22300 0.222999999999999 0.0297633740148857 0.0286475821046077 4.00572546660747 148.949669040927 145.357592796493 102.510637924992 500.735709126052 2.4005083050577 7394.13873770551 -468814.872414896 -442654.251682594
22400 0.223999999999999 0.0135176791325123 0.00459268692417457 4.01853543443679 149.045503256417 145.444023932712 102.378706602052 499.696260023025 2.40062882176135 7378.7896608602 -468874.745626151 -442857.349909878
22500 0.224999999999999 0.00196507780881323 0.0332879588110729 4.04695289005087 149.151003360578 145.505241625385 102.246775279111 495.935229627459 2.40101556895335 7323.25221858337 -468892.334280098 -442723.145089043
22600 0.225999999999999 0.0385228836411763 0.0382059487450039 4.1412182568148 149.220524976506 145.603238071557 102.11484395617 493.647730211246 2.40138027388998 7289.47374475449 -468930.436254367 -442171.31941501
22700 0.226999999999999 -0.00215295741385087 -0.0221118281333358 4.08750243688611 149.30203983084 145.730927116717 101.982912633229 489.481334858239 2.40106840697176 7227.95046068506 -468939.064394809 -442953.158815619
22800 0.227999999999999 0.000351564680353687 0.0573678875280792 4.1155255511918 149.370014412152 145.809503179504 101.850981310288 487.350973379357 2.40178950621417 7196.49237201828 -468975.905157369 -442519.392477708
22900 0.228999999999999 0.0527447571630578 -0.00145029468168315 4.15981765509118 149.431234773942 145.916274959862 101.719049987348 483.486794869053 2.40216037665355 7139.43178797821 -468985.689883076 -442414.477110696
23000 0.229999999999999 -0.00299479226684773 -0.0214626481232976 4.16813145353884 149.556172757985 146.007015450424 101.587118664407 481.378332100651 2.40177712895696 7108.29706770818 -469020.036626538 -442788.094325181
23100 0.230999999999999 0.03621056391869 0.0276567168541232 4.20629895589166 149.624468939498 146.094168156036 101.455187341466 479.910458934982 2.40236866567929 7086.6216456472 -469061.910166036 -442272.716246225
23200 0.231999999999999 -0.0103831137778363 -0.0127880175707828 4.20449412693863 149.726372480253 146.210608288241 101.323256018525 475.258901519757 2.40194517151693 7017.93419187123 -469055.351183936 -442741.366412873
23300 0.232999999999999 0.0257150628995568 0.02149931718552 4.22758227494524 149.822120952409 146.278836004117 101.191324695585 470.05172227856 2.40241867840164 6941.04212078504 -469038.636916461 -442374.068349892
23400 0.233999999999999 0.0037711783495091 0.00501255186941656 4.25220664473834 149.953314317011 146.31130570755 101.059393372644 468.584467586523 2.40291700921054 6919.37583144569 -469075.559166965 -442500.434989699
23500 0.234999999999999 0.0333082343960682 0.0310095226559169 4.30026612586009 150.017924130171 146.387696193016 100.927462049703 465.589667484969 2.40376680572874 6875.15296689059 -469087.211340516 -442085.555823014
23600 0.235999999999999 -0.0315950860754697 -0.0274110818908473 4.34677979082185 150.128701010753 146.529993281912 100.795530726762 463.227309710568 2.40280142731799 6840.26909339472 -469106.746823463 -442486.228077375
23700 0.236999999999999 0.0186283567294714 0.0255734215672669 4.3955992832174 150.196473748943 146.55503638782 100.663599403821 460.225680973547 2.40445400715037 6795.94539345457 -469114.613003853 -441851.165770752
23800 0.237999999999999 -0.00436563220483189 0.0107840153947962 4.35723741740588 150.295306221888 146.668177080957 100.531668080881 457.774561641187 2.40417021941013 6759.75081800124 -469128.936799744 -442250.339575816
23900 0.238999999999999 -0.0118361881542494 0.00755021304799225 4.389628290615 150.372286991253 146.792409008905 100.39973675794 455.52094595631 2.40406074456271 6726.47268997532 -469144.395762224 -442198.169224475
24000 0.239999999999999 0.00489666536019327 0.0148770248771109 4.40490089967161 150.458171418423 146.885313616974 100.267805434999 450.979773407286 2.40432819821207 6659.41523981274 -469124.440496989 -442066.189182015
24100 0.240999999999999 0.0031239994987055 -0.00698432852676857 4.46475558134086 150.545634610507 146.991202897562 100.135874112058 449.144262198189 2.40436396163141 6632.31107231016 -469142.664527677 -441944.837138516
24200 0.241999999999999 0.0208553432285263 0.00883808845667958 4.43444797278237 150.645988427464 147.077562712201 100.003942789117 447.56594741002 2.40451945403382 6609.00480854107 -469163.254803143 -441975.099214404
24300 0.242999999999999 -0.00982182007814453 0.033033347246148 4.45974598835724 150.758553092415 147.176964045245 99.8720114661766 445.381147287384 2.40427320394882 6576.74284893542 -469173.000665297 -441928.250406316
24400 0.243999999999999 0.0203831397425851 0.00780026631854872 4.47715378133366 150.82140753 147.285694366857 99.7400801432359 440.028817993735 2.40467365218767 6497.70741238507 -469134.393390064 -441868.959434018
24500 0.244999999999999 0.0310549366282666 0.000622573656299699 4.48895014402137 150.910344645253 147.368499020974 99.6081488202951 438.660916755007 2.40508745859755 6477.50823075234 -469153.444430171 -441841.312286767
24600 0.245999999999999 0.0239328890043487 0.00244596283072406 4.51900003333472 151.016957984464 147.470584041105 99.4762174973543 435.507108528505 2.40491113129625 6430.93736481674 -469144.282698829 -441763.112242301
24700 0.246999999999999 0.0163453751125751 0.0277801304261502 4.52228156291663 151.118564810721 147.548296775415 99.3442861744135 434.628997967921 2.40521829853884 6417.97070157771 -469167.672236862 -441705.234759437
24800 0.247999999999999 0.0183881360384898 0.0328663135723228 4.53110338912035 151.190621579693 147.646873575162 99.2123548514727 432.215339917444 2.40566166755092 6382.32930000529 -469166.71273123 -441670.298994446
24900 0.248999999999999 0.0314494687846759 0.00518459932654382 4.52053415240602 151.272263683429 147.757482750916 99.0804235285319 428.634502248083 2.40576260437887 6329.45268257637 -469147.761937808 -441821.171769214
25000 0.249999999999999 0.00535376503207449 0.0283174713185209 4.54405033491106 151.356611279422 147.878415525648 98.9484922055911 427.242910691093 2.40565890119413 6308.9036766815 -469159.769627859 -441758.119742396
25100 0.250999999999999 0.0239255088161986 0.0266795300741045 4.57382626232311 151.420603709704 147.965391830068 98.8165608826504 426.567321138216 2.40643733453436 6298.92754996899 -469181.025175974 -441581.019906988
25200 0.251999999999999 -0.0173752639441664 -0.0335937079558343 4.5356220947585 151.551006928163 148.101282986961 98.6846295597096 421.11483338727 2.40537200174072 6218.41311858063 -469130.608448508 -442245.815496868
25300 0.252999999999999 0.018730860190537 0.0355915663857133 4.59870081224289 151.61597800026 148.164833436695 98.5526982367688 419.607938743897 2.40652726137212 6196.16148392959 -469137.14233897 -441509.003713017
25400 0.253999999999999 0.0131697407672585 0.0341813308162737 4.56553883665941 151.728184562534 148.264131788828 98.420766913828 418.6333556296 2.40635838659658 6181.770253931 -469150.139311746 -441719.75625587
25500 0.254999999999999 -3.61212535689536e-05 -0.0122941371315997 4.57356809479453 151.825976987034 148.371807659098 98.2888355908872 415.913239656629 2.40628880939159 6141.6035262137 -469135.886146421 -441982.990127455
25600 0.255999999999999 0.00593508609615452 0.0159578681824518 4.62916205564173 151.898594500404 148.47224323103 98.1569042679464 412.907496405555 2.40674199075043 6097.21906909729 -469116.264930259 -441598.045796678
25700 0.256999999999999 0.0117000637671073 0.00116282761424251 4.6151235789409 151.998443211538 148.576224135934 98.0249729450056 412.674001919247 2.4067125666329 6093.77116115945 -469135.849095184 -441727.062245915
25800 0.257999999999999 0.0485603158531901 0.0354506418331398 4.61318891908391 152.077138290434 148.650652846537 97.8930416220648 411.012267347397 2.40750300924037 6069.23307500828 -469133.134207418 -441437.213684533
25900 0.258999999999999 0.00544914115298657 -0.0166822332440153 4.62283309409722 152.19898346647 148.76835327291 97.7611102991241 409.067862438134 2.40691626002663 6040.52092326968 -469125.256971544 -441846.988625566
26000 0.259999999999999 0.0131051180160918 0.0225339046617606 4.6437228665714 152.30365595645 148.846609590943 97.6291789761833 407.501931643235 2.40724615364379 6017.39752835275 -469122.007374986 -441557.752626287
26100 0.260999999999999 -0.00247493829965782 0.0429089196392828 4.63284851295473 152.406115253089 148.937585045548 97.4972476532425 405.379779995103 2.40741164552885 5986.06067055979 -469109.279351388 -441605.834253954
26200 0.261999999999999 0.0135366303724631 0.0233516168924702 4.65509866835642 152.480360258544 149.050801717532 97.3653163303017 403.943761687383 2.40766970855794 5964.85563484206 -469105.849484501 -441539.803440288
26300 0.262999999999999 0.0424861350230132 0.00602318561143457 4.65762802335498 152.553697918578 149.15471942735 97.2333850073609 402.78851330093 2.40809862436667 5947.79660212228 -469105.916805032 -441495.642460258
26400 0.263999999999999 0.00589462057801411 0.0275366172158713 4.61165165916709 152.6682631449 149.255943528027 97.1014536844201 402.973746416648 2.40792681472316 5950.53185613247 -469125.4081166 -441791.9081902
26500 0.264999999999999 0.012522061474159 0.0116146912968835 4.61360107414637 152.746496157821 149.384455417356 96.9695223614793 400.808803593111 2.40789470854585 5918.56312032098 -469110.021483162 -441842.017597899
26600 0.265999999999999 0.0112811306600255 0.0127540208750872 4.5743999145146 152.84086675096 149.474710894104 96.8375910385385 399.821334147851 2.40823144334266 5903.98160367571 -469111.32150215 -442041.786048911
26700 0.266999999999999 0.015379043992506 0.0193999229384455 4.57947399955375 152.937753671299 149.561749503574 96.7056597155977 397.380602456328 2.40858666756684 5867.94041783712 -469090.584238522 -441987.416047385
26800 0.267999999999999 -0.01932749822919 0.00634322527680545 4.56946008575554 153.047023455074 149.676437540435 96.5737283926569 396.987372301256 2.40830834088016 5862.13376520687 -469099.268319461 -442265.379284261
26900 0.268999999999999 0.0201455018969852 0.00509276919471363 4.63797441956756 153.114418275523 149.788943223289 96.4417970697162 395.990277348502 2.40873084466962 5847.41011302677 -469098.109477936 -441791.438862136
27000 0.269999999999999 0.0125811567562811 0.0194962064666078 4.61295786685646 153.204221254585 149.884128855989 96.3098657467754 392.719845857415 2.40908573800028 5799.11712385797 -469062.48282716 -441890.903521074
27100 0.270999999999999 0.0132900475744387 0.0316915496839989 4.60311477795559 153.301377716728 150.003254834789 96.1779344238346 392.820539573844 2.40894690295208 5800.60402262656 -469075.589834702 -441887.206296634
27200 0.271999999999999 0.0212128436520019 0.0237822204948355 4.61481204911999 153.392922315802 150.104347865329 96.0460031008938 391.649581465506 2.40919261764756 5783.31301151773 -469069.101600923 -441846.31005679
27300 0.272999999999999 0.0159011632578526 0.0009655747696873 4.6087232190109 153.510850209499 150.201933404608 95.914071777953 390.265954128339 2.40908700837508 5762.88160967072 -469058.970424748 -442013.108299554
27400 0.273999999999999 0.0293383525240127 0.0339868465932116 4.60938334605342 153.6088677621 150.295306560935 95.7821404550122 388.900758755166 2.40936817266694 5742.7223843362 -469048.265794742 -441808.272684293
27500 0.274999999999999 0.0271329198511958 0.030011735771281 4.62374394431237 153.689386877931 150.433274910879 95.6502091320714 387.809684178552 2.40921579435238 5726.61097736915 -469040.812135957 -441777.93521719
27600 0.275999999999999 0.0198691373502043 0.0482348283431234 4.64943193492514 153.776987963977 150.541314643183 95.5182778091306 386.352993796436 2.40943866764402 5705.10068643734 -469027.031288492 -441619.062067393
27700 0.276999999999999 0.0219903662222941 0.0217090975318048 4.58860929536298 153.878542580047 150.663007237799 95.3863464861899 386.575220776281 2.40923133492986 5708.38221218094 -469037.459823627 -442016.459778896
27800 0.277999999999999 0.0272892475141538 0.0285255614306193 4.5596642654311 153.952576764246 150.789792497407 95.2544151632491 384.787942262909 2.40938051050285 5681.99027517717 -469018.162800042 -442102.300531451
27900 0.278999999999999 0.0345740591347244 -0.0051280784620878 4.60404428609469 154.020070700177 150.898462209798 95.1224838403083 383.965571618829 2.40992817603172 5669.8466981857 -469012.64774115 -442030.911462601
28000 0.279999999999999 -0.0204677592861325 0.0223161513065065 4.57166578541112 154.163107330338 150.995901068219 94.9905525173675 382.865556907293 2.40948033663315 5653.60327627196 -469002.312775389 -442308.772024545
28100 0.280999999999999 0.0121532460852532 0.0353952979830707 4.58257010534286 154.257807707845 151.090431545357 94.8586211944267 382.709775043669 2.40984155740132 5651.30291563967 -469005.311904499 -442056.861801645
28200 0.281999999999999 0.0348270139070518 0.0243498117241996 4.56438833712232 154.3430286029 151.200918551189 94.7266898714859 382.252861658155 2.41010300758805 5644.55588142175 -469003.105067673 -442093.8531221
28300 0.282999999999999 0.0268488651322196 0.0100598265526146 4.61400193312218 154.462450267345 151.342963966632 94.5947585485451 380.226611550258 2.40933497873631 5614.63515848944 -468977.524346712 -441965.607219956
28400 0.283999999999999 0.00104378836416301 0.011849106492802 4.58859254832474 154.566412241489 151.423636799554 94.4628272256043 379.385661466431 2.40979264880606 5602.21722727746 -468968.975364646 -442200.885480753
28500 0.284999999999999 0.0255972533199485 0.0418250858445444 4.54306134782915 154.691171019472 151.50182566539 94.3308959026635 380.448100726847 2.40997235733282 5617.90578942458 -468988.192900742 -442164.605809397
28600 0.285999999999999 0.0237502820921753 0.0190285401828086 4.56533245913764 154.793930550462 151.632154552515 94.1989645797228 377.365700489174 2.40967266242651 5572.38937310534 -468946.058118529 -442176.263172348
28700 0.286999999999999 0.00861039638551987 0.019278595794529 4.53363556736609 154.86499996524 151.761069154443 94.067033256782 376.794840154208 2.40989606363813 5563.95973559465 -468940.003117547 -442394.882843918
28800 0.287999999999999 0.000695172460789602 -0.0064044858255735 4.57950391250573 154.948612848949 151.886687922697 93.9351019338412 375.297529488888 2.40998366130157 5541.84962323189 -468919.472579264 -442340.789889639
28900 0.288999999999999 0.0335690984488152 0.0365443931841357 4.53915274202333 155.057732334182 151.987186521477 93.8031706109004 374.784211844137 2.41008018276054 5534.26969271641 -468912.868123631 -442179.465220598
29000 0.289999999999999 0.00618781754909075 -0.0196446496081338 4.56624011201201 155.145228653846 152.12062972664 93.6712392879596 373.230710210217 2.40999759573333 5511.32983362285 -468890.077044346 -442438.675241794
29100 0.290999999999999 -0.00397601494808442 0.0554944797839612 4.59987136420246 155.240659825792 152.19717055304 93.5393079650188 371.659136385901 2.41070019253352 5488.12311063157 -468866.117016379 -441990.626112881
29200 0.291999999999999 0.0308785692364431 0.0223121632085089 4.56277943875273 155.32900469339 152.3235183751 93.407376642078 371.869737048139 2.41073080134423 5491.23295577832 -468868.085970176 -442152.616405786
29300 0.292999999999999 -0.00150453291471614 -0.00519913964272072 4.55380998486505 155.434011809583 152.428796609954 93.2754453191372 371.395431632444 2.41084342295671 5484.22910128228 -468859.747477544 -442468.894567202
29400 0.293999999999999 0.0128274887347746 -0.00252585229662314 4.52977527513092 155.530759177867 152.543718194168 93.1435139961964 369.145685431869 2.4109387404696 5451.00811218863 -468824.769964088 -442500.28300104
29500 0.294999999999999 0.0118131674392283 0.0266802425214268 4.53436253249482 155.613895584397 152.644788329449 93.0115826732557 370.5325683397 2.41147088930426 5471.48758758166 -468843.16294556 -442352.130971296
29600 0.295999999999999 0.0139426542205337 0.0211106671479796 4.55980989277564 155.710049714834 152.764918423483 92.8796513503149 369.959634555339 2.41150719164107 5463.02733237742 -468832.281096297 -442248.868916654
29700 0.296999999999999 0.00258337859384541 0.0167111031316767 4.53583206715743 155.827042288296 152.850317565019 92.7477200273741 369.711463108984 2.41177616328816 5459.36269637953 -468825.561130344 -442430.799065673
29800 0.297999999999999 0.0141043140996426 0.0142963343649296 4.55631870904628 155.920739230461 152.977719237283 92.6157887044333 368.085250811157 2.41175016806028 5435.34915165336 -468798.281520488 -442291.297087111
29900 0.298999999999999 0.0265737908640695 0.0075878704624125 4.56396228957706 156.007777421347 153.091583725394 92.4838573814925 368.563590291603 2.41204781600881 5442.41257536706 -468801.568520216 -442228.520229953
30000 0.299999999999999 0.0139477918316795 0.0153904587679079 4.53399958541562 156.125476497885 153.199436114288 92.3519260585517 368.501737464064 2.41197339332946 5441.49922251484 -468796.60507414 -442383.682339047
30100 0.300999999999999 0.0219394161307638 0.0475672708999297 4.56216036230114 156.217898154911 153.292570968151 92.2199947356109 368.088895495469 2.41252833212445 5435.4029710654 -468786.454291804 -442070.508013503
30200 0.301999999999999 -0.00552046670545568 -0.00463300111477819 4.51490283403235 156.351541577351 153.415578327473 92.0880634126702 367.566664981306 2.41198412249287 5427.69142822073 -468774.078045345 -442644.306267417
30300 0.302999999999999 0.00462277416551125 0.00793424519889577 4.53949681149266 156.450829883551 153.505886242437 91.9561320897294 366.304225318217 2.41249162197299 5409.04955018659 -468750.535003818 -442426.412824987
30400 0.303999999999999 0.0461145386986763 0.0294191865910629 4.54777353159487 156.556490359014 153.601527040481 91.8242007667886 366.156242094397 2.4128240143136 5406.8643485566 -468742.89169208 -442096.496873465
30500 0.304999999999999 -0.00518961647325385 0.0276415779134269 4.50069289721895 156.667814976738 153.718976285045 91.6922694438478 365.883407214856 2.4127338753034 5402.83551874669 -468733.276456468 -442550.281447031
30600 0.305999999999999 0.0309645408163205 0.030125262168981 4.53800642339844 156.780384732364 153.824894107647 91.560338120907 364.577486569152 2.41281306209441 5383.55157662158 -468708.586669614 -442196.634489784
30700 0.306999999999999 0.0316116440159594 0.022995260425034 4.5157441353017 156.905974765013 153.91409794389 91.4284067979662 365.49271948049 2.41296142558251 5397.06640889818 -468716.20097846 -442324.081289637
30800 0.307999999999999 0.0256641839182878 0.023940915027508 4.51497789167993 157.012292073753 154.012463508158 91.2964754750254 364.977973692927 2.41326981484551 5389.46538964088 -468702.657408256 -442347.315268552
30900 0.308999999999999 0.0208527866621036 0.0111434436699218 4.49687887177791 157.133137550799 154.104380143177 91.1645441520846 363.718642205861 2.41346321427895 5370.86940864248 -468677.554849582 -442506.48779481
31000 0.309999999999999 -0.00429724866141317 -0.00190561807431334 4.48634513256821 157.257528551404 154.207999107349 91.0326128291439 363.386086200171 2.41342639132321 5365.95870385487 -468665.607728648 -442722.957389782
31100 0.310999999999999 0.00410934448471254 0.00359385828768746 4.51228252298989 157.35289563595 154.291140087389 90.9006815062031 363.712329232599 2.41416276392865 5370.77618780901 -468663.399370188 -442539.268047911
31200 0.311999999999999 0.0128219757147755 0.00756586919374735 4.49252725003874 157.496877537345 154.395245289253 90.7687501832623 362.449173904533 2.4138328219654 5352.12374187242 -468637.692178717 -442561.845557588
31300 0.312999999999999 0.0434005280489528 0.0394687788081 4.47730147082744 157.595240729878 154.497567147632 90.6368188603215 362.585863429807 2.41423763835996 5354.1421745415 -468632.17436315 -442340.818165248
31400 0.313999999999999 0.0455066319858306 0.0355040264084202 4.52262117958351 157.681762783564 154.617786996446 90.5048875373807 362.305107044869 2.41455143505778 5349.99637142841 -468620.319233069 -442136.312047674
31500 0.314999999999999 -0.00845003994129582 -0.00329886554443301 4.4793286485066 157.819698800686 154.743642168047 90.3729562144399 360.926187760573 2.41399796796333 5329.63449127815 -468591.938497252 -442748.168754813
31600 0.315999999999999 0.00891089883670364 -0.0182483843028881 4.42049298956515 157.944425902954 154.837874378566 90.2410248914991 360.734952165671 2.41414799607193 5326.81060136072 -468581.199871126 -443000.600365922
31700 0.316999999999999 0.0434510052222961 0.0555840816135793 4.49459378761646 158.069165035875 154.889626753489 90.1090935685583 359.637053158452 2.41496755428208 5310.59842109994 -468556.235828757 -442161.181110327
31800 0.317999999999999 0.0128010234894225 0.0223052690841844 4.50233899290846 158.188308825393 155.036072699316 89.9771622456175 360.505470355638 2.41440421255213 5323.42194680656 -468559.897377521 -442405.038766011
31900 0.318999999999999 0.0372838664725936 0.0312488194494139 4.47475667737135 158.249778293154 155.145738639163 89.8452309226767 359.942032632331 2.41530189920434 5315.10191565987 -468542.006291425 -442376.389834903
32000 0.319999999999999 -0.00723545205256277 -0.0117551255256505 4.43669578319233 158.380614452855 155.296612080651 89.713299599736 358.368638767642 2.41450761162393 5291.86831695193 -468509.023890256 -442936.314830063
32100 0.320999999999999 0.048856650549491 0.00998829860044739 4.48630415977018 158.442771656938 155.39491921597 89.5813682767952 357.306065445978 2.41558584557601 5276.17777518275 -468482.802588296 -442350.027274671
32200 0.321999999999999 -0.0133676796265486 0.0243600400821111 4.47514206661984 158.581798098413 155.50942166127 89.4494369538544 358.918750411204 2.4152481518868 5299.9915678797 -468495.704913514 -442607.041755278
32300 0.322999999999999 0.034577532800273 0.0160926969696036 4.50761296861564 158.70212261487 155.604171014268 89.3175056309136 357.097699580323 2.41551010205412 5273.1009302708 -468457.377230347 -442266.753686414
32400 0.323999999999999 0.024087553648865 0.00831856071322412 4.4943361263524 158.837710771816 155.721568271574 89.1855743079728 356.400469287088 2.41519617602468 5262.80524449015 -468435.148994572 -442396.859517201
32500 0.324999999999999 0.00456855474382256 0.00304005735655283 4.50587274248533 158.949863259208 155.84740422954 89.053642985032 355.557680394949 2.41511598165996 5250.36016042385 -468410.271879196 -442444.600492054
32600 0.325999999999999 0.00125226022867891 0.013089691436835 4.50878809686102 159.079344745114 155.951659924753 88.9217116620912 355.759851879966 2.41511494144813 5253.34553570621 -468400.228776275 -442387.278919716
32700 0.326999999999999 0.00527118391755562 0.0248652552156031 4.5108710371743 159.214031565377 156.039893719285 88.7897803391504 356.612131367542 2.41529090950328 5265.93076312176 -468399.174245843 -442293.106380837
32800 0.327999999999999 0.0066369735757577 -0.0213575374788326 4.53501315840582 159.332901677066 156.144338434436 88.6578490162097 354.814723294404 2.41546370467833 5239.38924747023 -468358.698536553 -442375.723452957
32900 0.328999999999999 0.0275535568040917 -0.00412413063920866 4.50469369946559 159.440039553045 156.261302348058 88.5259176932689 353.67291995903 2.41562849099047 5222.52875176549 -468327.131624566 -442326.500304434
33000 0.329999999999999 0.0070114160255159 0.0128294150254102 4.51480532572306 159.551376949664 156.384959828844 88.3939863703281 353.09297209791 2.41563411455421 5213.96492284815 -468303.513048388 -442281.56190331
33100 0.330999999999999 0.0132353648420598 0.0337358809326026 4.49916489565001 159.657953871541 156.486422625061 88.2620550473873 353.485278626361 2.41606245758339 5219.75793669999 -468294.245122357 -442217.475626606
33200 0.331999999999999 0.0170971334533514 0.00101617533489936 4.50666596234959 159.766394060456 156.606314742534 88.1301237244465 353.220077985563 2.41618581770476 5215.84183825593 -468274.826569635 -442301.015254999
33300 0.332999999999999 0.0527486233066244 0.0287896501693115 4.50093862391601 159.888388965952 156.718530488923 87.9981924015057 352.847449443419 2.4162306282844 5210.33940036699 -468253.818204918 -442021.204402736
33400 0.333999999999999 0.00754628527790277 -0.00790094614736767 4.48634703729028 160.007548879195 156.840258629394 87.8662610785649 353.510830235924 2.41617977711524 5220.13524581263 -468248.595639006 -442448.379013172
33500 0.334999999999999 0.0104139247140257 0.0387908324223668 4.463717829214 160.131463221871 156.936647970873 87.7343297556241 354.744601308462 2.41645552756331 5238.35378767943 -468251.326899341 -442311.708409105
33600 0.335999999999999 0.0118346214082147 0.0257805648854926 4.43571393321635 160.253272834755 157.06533666497 87.6023984326833 352.691243967481 2.41627388268769 5208.03278444241 -468206.10510671 -442476.884563564
33700 0.336999999999999 0.0114267822771625 0.00995432853043497 4.4758688663263 160.396613865017 157.185478147329 87.4704671097426 353.351098767164 2.41590777702729 5217.77656313978 -468200.797529503 -442348.970992427
33800 0.337999999999999 0.0435883399402842 0.0193307730739347 4.47561825839975 160.48501482956 157.270297883201 87.3385357868018 352.373303355325 2.41692019688864 5203.33789858988 -468170.887376349 -442152.789530259
33900 0.338999999999999 -0.00303527792266831 0.00736636638600756 4.4092584257095 160.648875970421 157.40589930793 87.206604463861 353.27248324054 2.41602453760102 5216.61568305834 -468169.221487927 -442703.381087329
34000 0.339999999999999 0.0357176926893478 0.0195822276294558 4.43968224883736 160.758706251884 157.489731824468 87.0746731409202 353.128544239423 2.41674492322241 5214.4902006439 -468151.678172557 -442320.686946396
34100 0.340999999999999 0.0213423987207581 -0.0208573202300768 4.40090139890948 160.900808595429 157.593492472932 86.9427418179794 352.572150793389 2.41668237661349 5206.2741891677 -468128.178519137 -442734.162999787
34200 0.341999999999999 -0.00991320952877356 0.00419003290702644 4.42318174150345 161.040064733944 157.702158099582 86.8108104950386 353.242617769205 2.41659587482579 5216.17467309141 -468123.16343814 -442644.80469244
34300 0.342999999999999 0.0125886463903146 0.0418434814333839 4.41288604751409 161.147922631464 157.822581122766 86.6788791720978 354.193679751565 2.41680868908285 5230.21857712614 -468122.039172228 -442402.742714748
34400 0.343999999999999 0.0266573960681847 0.00535861735133764 4.35757888062506 161.27811497819 157.965643521596 86.546947849157 353.33352768441 2.41634853477543 5217.51709887294 -468094.74959593 -442740.793700859
34500 0.344999999999999 0.0172433503623365 -0.000252036144598458 4.3788415608992 161.416343338733 158.062572661159 86.4150165262162 352.073058687292 2.41648244980285 5198.90432077582 -468061.573734713 -442698.732549571
34600 0.345999999999999 0.0343373052534688 -0.0068608708129114 4.33933696752474 161.549316515072 158.162727554621 86.2830852032755 353.450213878646 2.4166540095684 5219.24015135997 -468067.629463682 -442818.988431906
34700 0.346999999999999 0.0217463580995559 0.0282368048586999 4.37186153862759 161.71235012464 158.220796567639 86.1511538803347 352.863416924982 2.41702732280347 5210.57518497714 -468044.527994143 -442555.270684091
34800 0.347999999999999 0.0249404049911138 0.0183998242620908 4.35110588224036 161.849233375549 158.350538486316 86.0192225573939 352.984668887066 2.41670538319604 5212.36565810204 -468031.913584491 -442663.831698407
34900 0.348999999999999 0.00847676373751437 0.0123753050974032 4.33427653252253 161.96462607069 158.489207289893 85.8872912344531 353.963726979324 2.4165770233941 5226.82296808512 -468032.108633262 -442828.843448741
35000 0.349999999999999 0.0484882826191462 0.0378352980761244 4.30985058317035 162.082642892029 158.585207424291 85.7553599115123 353.748159408993 2.417068483584 5223.63977884311 -468014.982796359 -442630.729897731
35100 0.350999999999999 0.0324697085698264 0.0177389418000732 4.28677927056946 162.217935993056 158.701100460176 85.6234285885715 354.255874152711 2.41700745581712 5231.13697384201 -468009.496132379 -442888.668707927
35200 0.351999999999999 -0.0139853533650934 0.0195032850436555 4.2405153705105 162.367730014388 158.839586011543 85.4914972656307 354.514073606201 2.41639553738896 5234.94968890568 -468000.641086912 -443288.193206611
35300 0.352999999999999 0.0329730463687983 0.0107417533984513 4.26675204140476 162.468851471472 158.961887692544 85.35956594269 353.90944775009 2.41676317010153 5226.02145114871 -467978.972425601 -442982.889659041
35400 0.353999999999999 0.0607860334167121 0.0255872105839112 4.25095167723591 162.60809262338 159.056720941227 85.2276346197492 354.290704305328 2.41698968993867 5231.65129502186 -467972.260873946 -442849.227415601
35500 0.354999999999999 0.0289459574384249 0.025163382244465 4.23414987886123 162.712573297393 159.189231821344 85.0957032968084 354.246931093108 2.4171688076071 5231.00491570788 -467959.402127685 -443063.492322004
35600 0.355999999999999 0.0176861672257955 0.0331954285343198 4.26234333078028 162.813427377389 159.327343851919 84.9637719738676 354.079348392961 2.41732528234264 5228.53029743651 -467944.63690197 -442937.995432044
35700 0.356999999999999 -0.00195377678011422 0.00539634220350548 4.18314807964812 162.969256958803 159.462437711049 84.8318406509268 353.936343802221 2.41672057308817 5226.41861303936 -467930.807694369 -443502.150509266
35800 0.357999999999999 0.0328433321457492 0.0108056209635138 4.20001968245783 163.076177812272 159.562701468135 84.699909327986 354.157151747844 2.41737799210243 5229.67918454358 -467922.193336637 -443233.77471893
35900 0.358999999999999 0.0299037447292581 0.0387790513594213 4.1827522185813 163.220358285136 159.695855021921 84.5679780050452 354.795113378055 2.4169935757436 5239.09967666575 -467920.317608706 -443183.766346874
36000 0.359999999999999 0.0240646374068386 0.0306987083608709 4.2014919458606 163.330072935039 159.842619719257 84.4360466821044 355.258559206281 2.41692279464249 5245.94317252367 -467915.87343715 -443149.800826632
36100 0.360999999999999 0.0202067951521842 0.0246299230181581 4.2108348648713 163.456255617545 159.953623375818 84.3041153591637 354.263231487139 2.4171578345929 5231.24561628653 -467889.871467314 -443143.071270811
36200 0.361999999999999 -0.00832040538660457 -0.0104365087360456 4.13549939501443 163.615941910776 160.06904679073 84.1721840362229 354.629860722149 2.41683967706502 5236.65946510849 -467884.025637512 -443766.424071091
36300 0.362999999999999 0.045661611603068 0.00470752190059635 4.18258838812748 163.730796922515 160.1693775903 84.0402527132821 354.637768800576 2.41742049903381 5236.77624014165 -467872.816227073 -443226.75613539
36400 0.363999999999999 0.0140588925078272 0.0450965553199347 4.16218709073745 163.871692589082 160.294647170541 83.9083213903413 353.774543949502 2.41724917904967 5224.02938747198 -467848.830198627 -443267.403039392
36500 0.364999999999999 0.0174447277479916 0.0229747587959268 4.13132137786414 163.986621737526 160.44357683462 83.7763900674005 355.117244650153 2.41711334797227 5243.85644410661 -467857.990239817 -443483.114553492
36600 0.365999999999999 0.0442778423532177 0.0336278227090482 4.15471470859339 164.09156977563 160.54582573048 83.6444587444597 354.360611714428 2.41783661795015 5232.68358625305 -467835.474919844 -443198.393544816
36700 0.366999999999999 0.0235381596858116 0.00147319657312654 4.1304070611673 164.261152819885 160.649310408728 83.5125274215189 355.600951798854 2.41759781368274 5250.99912976041 -467843.003877032 -443539.656651677
36800 0.367999999999999 0.0311736733566878 0.0211944812927004 4.15417148796048 164.380616818219 160.746415640452 83.3805960985781 353.647154913283 2.41820165837663 5222.14829093682 -467803.100272759 -443299.032142501
36900 0.368999999999999 0.00670352233192419 0.0122054052944862 4.11258797116393 164.51580697442 160.890789831491 83.2486647756373 354.735357521371 2.41787208586146 5238.21728883789 -467808.423985863 -443629.686120402
37000 0.369999999999999 0.0429029209222232 0.0155752938532602 4.12773852304565 164.632720064281 161.012245718075 83.1167334526966 355.175679846749 2.4181647490299 5244.71933034166 -467804.321780051 -443370.545776054
37100 0.370999999999999 0.023247113633484 0.0183249503132368 4.11982441335382 164.800605311016 161.101380191085 82.9848021297558 354.501049079147 2.41820317647984 5234.75736157957 -467783.80135222 -443474.06318952
37200 0.371999999999999 0.0161161956169256 0.0265282248877793 4.08192257880988 164.948555744373 161.211002870985 82.852870806815 354.620604087908 2.41823585257355 5236.52277655888 -467775.334304687 -443632.904904131
37300 0.372999999999999 0.00049648008088649 0.0132190016891195 4.08084698503902 165.074070190373 161.359253055092 82.7209394838742 354.764293525542 2.41802741815977 5238.64457378174 -467767.909875431 -443759.273553442
37400 0.373999999999999 0.0115444059680553 0.0153589492602365 4.04765714314186 165.181052965711 161.489693810297 82.5890081609334 355.740712266561 2.41836652021741 5253.06290965355 -467772.851683752 -443844.107637965
37500 0.374999999999999 0.024053920284851 0.0208479437869035 4.04654531619209 165.307887750188 161.63332704631 82.4570768379926 354.98229513614 2.41822657719429 5241.86370540033 -467752.41026535 -443756.38035191
37600 0.375999999999999 0.014591642095203 -0.000296233791711025 4.03396474759746 165.439647924241 161.76532630223 82.3251455150518 354.172454635334 2.41819807679339 5229.90515539233 -467731.324260918 -443944.992669926
37700 0.376999999999999 0.00200522723158827 0.0314203555359449 4.03135540365568 165.566599780715 161.885874826532 82.193214192111 354.481201320396 2.41842020972403 5234.46427866344 -467726.532587887 -443861.625014986
37800 0.377999999999999 -0.00369155203679182 0.036596273170285 4.03779098458213 165.685253795147 162.022519452369 82.0612828691702 354.881102963657 2.41853219602125 5240.36944615563 -467722.591255559 -443825.533006648
37900 0.378999999999999 0.00894944928075702 -0.0118141260501807 4.03706027647684 165.818087986314 162.169755551055 81.9293515462295 355.097713996445 2.41828861394911 5243.56804373787 -467715.922341504 -443981.089326497
38000 0.379999999999999 0.0551338378284534 0.0490340233835969 4.04903628245543 165.966728781833 162.232105852992 81.7974202232887 355.541329272462 2.4190896716484 5250.11871076092 -467712.836520351 -443432.265392813
38100 0.380999999999999 0.0196367398912736 -0.00433200570943314 4.04060335949892 166.104253967419 162.38783013489 81.6654889003479 356.419285480881 2.41866997688908 5263.08309475105 -467716.293552597 -443865.354716768
38200 0.381999999999999 0.00403004809996607 0.037275784015333 4.01704567749115 166.220630190071 162.526541876844 81.5335575774071 355.930070696955 2.41882139822662 5255.85908032796 -467699.512257278 -443845.763808955
38300 0.382999999999999 0.0328468253936476 0.0145973568714898 4.01711399203211 166.336360004993 162.676830093348 81.4016262544663 354.898499843327 2.41881936974102 5240.62633804398 -467674.851921568 -443807.877799199
38400 0.383999999999999 0.0365976270227638 0.0392745943385878 4.04898505115097 166.465418376035 162.79417588433 81.2696949315255 355.829050455796 2.41912268538478 5254.3673599157 -467678.72052365 -443524.047261268
38500 0.384999999999999 0.00536815695694195 0.0155207038748308 4.06707027352361 166.597571124609 162.936484326659 81.1377636085847 355.793503548142 2.41901952577771 5253.84245473698 -467667.840874596 -443681.962866255
38600 0.385999999999999 0.024482770297678 0.00570832487293021 4.02885637209471 166.701894190684 163.072007403126 81.0058322856439 355.227707908654 2.41943062307274 5245.4876053038 -467649.086776737 -443807.204338349
38700 0.386999999999999 0.0288001787440677 0.0131513551275138 4.07953587611866 166.829167659076 163.196621264149 80.8739009627031 355.112082192101 2.41967967094643 5243.7802124132 -467636.792076482 -443512.493946306
38800 0.387999999999999 -0.0242416618836217 0.0240091891405229 4.04847558716532 166.99681968838 163.295564097603 80.7419696397624 354.986707565677 2.41973321776594 5241.9288617604 -467623.727069828 -443837.222511766
38900 0.388999999999999 0.0211335113207012 0.040746007675117 4.09514699652783 167.107106807767 163.413008662088 80.6100383168216 355.614859369169 2.4203531618593 5251.20449658874 -467621.402565993 -443332.17466834
39000 0.389999999999999 0.0276687200456323 0.0105344834209496 4.07424977834234 167.242447904038 163.550081814509 80.4781069938808 355.995658508442 2.42032886386566 5256.82758600629 -467615.911284778 -443525.005589247
39100 0.390999999999999 0.0375951457115206 0.0253542038426102 4.05813740626236 167.380499028155 163.678159262349 80.34617567094 355.723420141573 2.42040818646238 5252.80756463042 -467600.917931409 -443475.110114369
39200 0.391999999999999 0.0389245975083114 0.0429308438643701 4.05623681686752 167.490384255092 163.830281570983 80.2142443479992 356.663844311049 2.42054889915678 5266.69438487243 -467604.062284381 -443387.590616826
39300 0.392999999999999 0.00144547030622227 -0.00497978654281135 4.07646368329743 167.62663983302 163.998359998652 80.0823130250584 355.888724243656 2.42008299930888 5255.2485358702 -467581.768396151 -443671.55568374
39400 0.393999999999999 0.0539016282262553 0.0332087774179309 4.03018176082796 167.761833395373 164.098596666207 79.9503817021176 354.758559800292 2.42064354450706 5238.55990644283 -467553.943725256 -443461.594656852
39500 0.394999999999999 0.00900065353389091 0.0175782068666612 4.05055704510866 167.903885173958 164.211571186051 79.8184503791769 355.279300499131 2.42092658603561 5246.24944985547 -467550.363909495 -443636.390508678
39600 0.395999999999999 0.0335687151410764 0.0120331671945294 4.0524684371957 168.021398225201 164.346695050505 79.6865190562361 356.032325751675 2.42124640177099 5257.36903467602 -467550.282785361 -443531.817152781
39700 0.396999999999999 0.0229068495030875 -0.000489855072513714 4.04524659433904 168.193332579738 164.475514914077 79.5545877332953 356.066332481849 2.42088496824349 5257.87119674743 -467539.502058624 -443656.957033632
39800 0.397999999999999 0.0308768110400964 0.0414678206819788 4.02369604466437 168.352963733476 164.569094462208 79.4226564103545 354.896545387142 2.42122951559313 5240.59747746958 -467510.515976012 -443517.982892536
39900 0.398999999999999 -0.0160335366001609 0.00670429080993988 4.06634525722569 168.474507020193 164.730586091036 79.2907250874137 356.428968854062 2.42113266211669 5263.22608476244 -467521.433176278 -443684.185898217
40000 0.399999999999999 0.0286952932156298 0.0231696108622717 4.01853889275481 168.602938548602 164.88058327472 79.1587937644729 356.024313554556 2.42111596406148 5257.25072216903 -467503.879859968 -443611.186831973
