# Fix print output for fix def1
100 0.00100000000000023 -0.0361334800784928 -0.00305454594788015 0.0335680943406745 92.4868840025449 92.2664214892711 92.2394072299759 301.359799704166 2.32071755417033 1525.70393137529 -168320.686672065 -166804.185959601
200 0.0020000000000003 -0.0194069023048041 0.0936592161336612 0.150434877752322 92.5389884876694 92.2372770577902 92.147075491007 301.803649791195 2.32246852700738 1527.95102545812 -168323.591587486 -166427.969472634
300 0.00300000000000022 0.0301980302696671 -0.0504483271504583 0.295749143132361 92.4853197853854 92.366074313798 92.054743752038 301.722882516732 2.32290342101731 1527.54212238514 -168323.434258383 -166345.158846993
400 0.00400000000000029 0.0140575623330823 -0.00630436323614692 0.471055514102578 92.5637586723004 92.3183552049056 91.9624120130691 300.393596076931 2.32446612922489 1520.8123012573 -168316.69135335 -166013.044788296
500 0.0050000000000002 -0.050523233334616 -0.0083153424039898 0.56733197376798 92.6578289614797 92.3095099196996 91.8700802741002 296.832288798815 2.32466273700775 1502.78235658522 -168297.760834458 -165963.681181939
600 0.00600000000000028 0.0464534983591821 0.00229660883216703 0.683457239160147 92.6171848123395 92.3729235040096 91.7777485351312 299.7504458414 2.32642443707355 1517.55620391526 -168310.875132486 -165597.195122361
700 0.00700000000000019 -0.0069976882112574 0.0120039701164609 0.780326486561228 92.6970839109065 92.3680271262168 91.6854167961623 302.119366114612 2.32688334955821 1529.54941262293 -168320.76650761 -165508.561350865
800 0.00800000000000027 -0.020870270343162 0.0301785068415028 0.935743931505162 92.7662550076167 92.3435096168578 91.5930850571933 300.485807436631 2.32811016696732 1521.27914266797 -168309.838185682 -165245.852723235
900 0.00900000000000018 0.00929443241118893 -0.0474596937905117 1.0927913718205 92.7586164529081 92.4111294426384 91.5007533182244 300.657422081161 2.32894592758849 1522.14798163753 -168307.64791866 -165064.542547977
1000 0.0100000000000003 0.012372406916337 -0.0192219349889086 1.21222557374588 92.8026787214134 92.4145052247549 91.4084215792554 297.837998243218 2.33010639000425 1507.87399407188 -168289.861672488 -164816.013501943
1100 0.0110000000000002 -0.0198847182097777 0.0436846755925338 1.29309590046977 92.8783515975192 92.3975899816806 91.3160898402865 296.876939134325 2.3309886892889 1503.00840927205 -168280.611353336 -164630.552397901
1200 0.0120000000000002 0.0123535241622966 0.0157884893392958 1.42227811758341 92.886169375542 92.4402829471691 91.2237581013175 300.554288177621 2.33207405155776 1521.62584231356 -168294.043390439 -164408.771264265
1300 0.0130000000000002 0.00781005121670698 -0.0117003689943771 1.58724903989566 92.9330817021652 92.4486617265874 91.1314263623486 300.336612785659 2.33304695834756 1520.52381011946 -168287.347876138 -164187.613246441
1400 0.0140000000000002 -0.0231489343673179 -0.0216362209927313 1.72910338551584 92.9999356692275 92.4423304467325 91.0390946233797 301.624567147513 2.33389413086762 1527.04437800954 -168287.789061476 -164018.071875923
1500 0.0150000000000002 0.0102901919834793 -0.0128185542045294 1.8446266808573 93.0084663723031 92.4794647467373 90.9467628844107 299.710239527051 2.33511126563145 1517.35265011702 -168271.580318668 -163756.195900868
1600 0.0160000000000002 -0.000326123348603921 0.0158747069779301 1.94242567276855 93.0492085971093 92.4977968628752 90.8544311454418 294.645133083266 2.33599780025129 1491.70937313813 -168238.772061832 -163561.651133028
1700 0.0170000000000003 -0.00605076449963474 0.0360159278271737 2.07163345627864 93.1072260139348 92.4891922821902 90.7620994064728 298.468398122803 2.3371345092175 1511.0655397776 -168250.045539822 -163321.570127271
1800 0.0180000000000002 -0.00255375921762715 -0.0177512639649981 2.21940762503715 93.139955271203 92.5183220183268 90.6697676675039 301.186970226012 2.33795603500734 1524.82894202854 -168255.007569783 -163155.474056714
1900 0.0190000000000003 0.00808370446849454 -0.0245837018435755 2.37131091702211 93.1781327666104 92.5281726852309 90.5774359285349 298.165796583104 2.3391313215044 1509.53354924929 -168230.466311282 -162895.043107206
2000 0.0200000000000002 -0.00801175043658878 0.00456006677315552 2.46853970066761 93.22898482615 92.5367355305501 90.485104189566 299.222152360327 2.34002444817151 1514.88159555083 -168226.026339414 -162707.615188021
2100 0.0210000000000003 -2.06220979028514e-05 0.0236165209231269 2.57700983630897 93.2574276294334 92.5589186982595 90.392772450597 297.617450414686 2.34113902417171 1506.75741950096 -168207.521531194 -162479.152117549
2200 0.0220000000000002 0.00297087712716728 0.0147535522674645 2.71741004458807 93.2949055439468 92.5762490577915 90.3004407116281 293.355285183067 2.34215286050476 1485.17921877068 -168174.750308026 -162251.497992955
2300 0.0230000000000003 -0.000507094187198544 -0.0212460627253433 2.87747433006089 93.3407224635785 92.5875002175355 90.2081089726591 297.273049384031 2.34311454485215 1505.01380934806 -168182.420837124 -162045.569843192
2400 0.0240000000000002 -0.00250589238927606 -0.0285670631793067 3.01043507247875 93.3860140709896 92.5972716467593 90.1157772336902 299.874121875618 2.34413032432024 1518.1823425436 -168182.760847254 -161834.295890085
2500 0.0250000000000003 -0.00312857451945546 0.0159272042696748 3.10025881434516 93.4260548770627 92.6099715075479 90.0234454947213 300.724199252466 2.34520722720718 1522.48605656618 -168173.56780547 -161606.363517645
2600 0.0260000000000002 0.00320748646210451 0.0323454985581995 3.20391506186687 93.4597854692017 92.631371617858 89.9311137557523 297.155008423144 2.34622559853611 1504.41619958636 -168141.356347784 -161389.65174103
2700 0.0270000000000002 0.00296312874002942 0.00964642932362204 3.35725837251448 93.5027821944085 92.6428850228038 89.8387820167834 295.340560780704 2.34726517471816 1495.23013726463 -168117.232373082 -161165.909684952
2800 0.0280000000000002 -0.000542829367358009 -0.0296446563845673 3.51810018882402 93.5410919893854 92.6616915037746 89.7464502778144 294.502996327078 2.34824105178659 1490.98977282009 -168097.048105352 -160961.188472278
2900 0.0290000000000002 0.0120600897289367 -0.0361366561884442 3.64725578655461 93.5733312105493 92.6819392147747 89.6541185388455 298.09294186426 2.34933618426492 1509.16470532562 -168098.154283981 -160727.936526135
3000 0.0300000000000002 -0.0133724632186989 0.0176002705937428 3.7301334347807 93.637184250885 92.6772691511133 89.5617867998765 300.028927603001 2.35027289581041 1518.96608246876 -168089.979593574 -160532.513963175
3100 0.0310000000000002 0.00469805304870401 0.0376865517641478 3.83931049884641 93.6671612473138 92.6965217075198 89.4694550609076 300.204448867242 2.35145692043584 1519.85469960733 -168071.929114086 -160278.495051048
3200 0.0320000000000001 0.0153598627016673 -0.00154068985491959 3.98273634673292 93.6942538916844 92.7283792488736 89.3771233219387 296.692992984494 2.35239699974223 1502.07713919477 -168034.223425855 -160075.511271849
3300 0.0330000000000002 -0.00594872870548679 -0.0130696348035225 4.14273702079619 93.7530766254271 92.7255546048073 89.2847915829697 295.753127815484 2.35342389209542 1497.31885363469 -168008.428092237 -159851.942752112
3400 0.0340000000000003 -0.00203226255005613 -0.0223775017945371 4.26774441450814 93.783355175153 92.752647268366 89.1924598440008 297.163617604242 2.35441162954573 1504.45978556385 -167993.225295051 -159639.312465355
3500 0.0350000000000002 0.0138662388836311 0.000938492318509427 4.36452655835228 93.8136275254258 92.7736710717394 89.1001281050318 299.192622350049 2.35555698827998 1514.7320930199 -167980.085729336 -159399.816427855
3600 0.0360000000000003 -0.0158020373794957 0.0413608401104594 4.47370264867902 93.8860188620585 92.7600088259839 89.0077963660629 299.599409996388 2.35652939527774 1516.79154989459 -167958.075399063 -159185.248789118
3700 0.0370000000000002 0.000590067572994922 3.81936466715517e-05 4.61445830371149 93.9093542139776 92.7935755396723 88.9154646270939 299.207669843034 2.357537175784 1514.80827444565 -167931.7740294 -158977.319173502
3800 0.0380000000000003 0.0154952504665497 -0.0326349178064538 4.75792240702109 93.9351139277484 92.8211781788612 88.823132888125 298.098084084039 2.35863905405311 1509.19073900676 -167901.45492853 -158753.562131566
3900 0.0390000000000002 -0.0142161848265436 -0.00344030268664118 4.88153870944678 94.0005041669606 92.8159442391819 88.730801149156 296.073411448387 2.35958399958222 1498.94036386384 -167866.056828324 -158533.205869841
4000 0.0400000000000003 0.0030429107454615 -0.000259694664233984 4.98651336743657 94.0238407782118 92.8448103064391 88.6384694101871 296.442616539377 2.36072145122559 1500.80955032919 -167842.224795764 -158309.38051209
4100 0.0410000000000002 0.00811672890140498 0.0177043159250277 5.07512819431945 94.0642240978656 92.8622261326405 88.5461376712181 300.071493301972 2.36172553449525 1519.18158119927 -167834.412765826 -158106.943296676
4200 0.0420000000000002 -0.00873849766577661 0.0292185553213298 5.20050749728896 94.1286059873628 92.8530249698975 88.4538059322492 297.460690408807 2.36280786339523 1505.96378558732 -167794.675705618 -157891.110573965
4300 0.0430000000000002 0.00462153873141982 -0.0297156158563176 5.34110842424013 94.1515348525858 92.8928195770279 88.3614741932803 298.702419319403 2.36368779709308 1512.25032640152 -167774.010020568 -157714.497340597
4400 0.0440000000000002 0.0150319312631433 -0.0259552485206402 5.47910621749857 94.1835696339768 92.9095401729791 88.2691424543113 296.512580385683 2.36492978414218 1501.16375853966 -167735.281858784 -157446.811395447
4500 0.0450000000000003 -0.014993554186306 0.0167664948426703 5.5561419523438 94.2438623363149 92.9117806270622 88.1768107153424 293.670511699085 2.36583454692984 1486.77512617185 -167692.534469015 -157277.670025968
4600 0.0460000000000002 0.0112684075781499 0.0138679206504004 5.65821600263231 94.2654547873112 92.9418570536651 88.0844789763734 297.867919018876 2.36700574883647 1508.02547494324 -167684.576468813 -157051.479602406
4700 0.0470000000000001 0.00357164093668031 0.00891423547819637 5.78030337209775 94.3169420559534 92.9482788635485 87.9921472374045 299.821901212598 2.36803237592138 1517.91796331669 -167664.628665981 -156849.961912399
4800 0.0480000000000002 -0.00857315198363301 0.00118558586427131 5.88311021686904 94.3737636236725 92.9546270980557 87.8998154984355 297.906280218175 2.36893074231925 1508.21968741829 -167624.68294326 -156690.192129202
4900 0.0490000000000003 0.0155898735606531 -0.0212019250544989 6.01931231306152 94.3908855102057 92.9857514924362 87.8074837594666 295.905246145059 2.37019794771869 1498.08898798471 -167583.690669434 -156443.134630663
5000 0.0500000000000002 -0.00320186150147931 -0.00910432787933438 6.11338489631211 94.4372283135882 93.0038538848064 87.7151520204976 296.396079405802 2.37106695339779 1500.57394528923 -167554.656255957 -156275.096558934
5100 0.0510000000000003 -0.00332474200883087 0.0248721053906101 6.20095926036248 94.4841557821826 93.010070054856 87.6228202815287 294.612383944874 2.37222800958669 1491.54357302397 -167513.372801962 -156053.096749138
5200 0.0520000000000002 0.00816862185544335 0.00342928200004942 6.31092729348857 94.5164894088568 93.0364554206639 87.5304885425598 299.597895658465 2.37324472728707 1516.78388320737 -167505.606309691 -155864.195074714
5300 0.0530000000000003 0.000709033257559532 -0.00401107918464481 6.40897558559197 94.5712351364776 93.0412791983044 87.4381568035908 299.471050695334 2.3742524097512 1516.14170114091 -167471.54744476 -155701.98173065
5400 0.0540000000000002 -0.00439937440696654 -0.00726763107465321 6.5039011327371 94.6154796588494 93.0556777205631 87.3458250646219 297.971673044719 2.37528317304747 1508.55075378029 -167430.189397684 -155534.168597755
5500 0.0550000000000003 0.000583778708165404 -0.0182585678923697 6.61699782400639 94.6417952576835 93.0871118369216 87.2534933256529 295.454833937458 2.3763328197071 1495.80867164341 -167383.119494379 -155333.164166658
5600 0.0560000000000002 -0.00167488390027512 0.0222977287330823 6.6919270646889 94.6885907469111 93.0933490448686 87.161161586684 292.996216278202 2.3775151809489 1483.3613491002 -167335.723564239 -155122.473135894
5700 0.0570000000000002 -0.00945045118074625 0.0110623183811276 6.76890251045454 94.7342318452194 93.115683382634 87.068829847715 296.515884917908 2.37831916047757 1501.18048850104 -167318.010734712 -154997.944527554
5800 0.0580000000000002 0.0131332356615701 -0.00513658092374475 6.88482076021234 94.7658540014779 93.1317221281645 86.9764981087461 298.294297900991 2.379639576286 1510.18411699615 -167290.828849931 -154772.437550396
5900 0.0590000000000002 -0.0123177402077715 -0.020860929799296 6.96739950803814 94.8305782787105 93.1382459599168 86.8841663697771 295.350372845671 2.38037578290649 1495.2798131209 -167239.467210236 -154673.281766348
6000 0.0600000000000002 0.00518867709881999 -0.00218426725982973 7.03540746293733 94.861688559132 93.1573884863889 86.7918346308082 295.733319007461 2.38163711972489 1497.21856694646 -167204.604695583 -154476.084521163
6100 0.0610000000000002 -0.00269321356469101 0.00413256089278322 7.1140450078111 94.894821328563 93.1891804204406 86.6995028918392 295.707077836831 2.38252794604339 1497.08571492959 -167167.102048883 -154319.974349974
6200 0.0620000000000001 -0.000831184589599614 0.0321605712113667 7.20150730871025 94.9431138232732 93.1911013207296 86.6071711528703 293.580337166531 2.38380566056763 1486.31859667136 -167118.388611289 -154101.021052252
6300 0.0630000000000002 -0.00481879116590497 -0.00618963481536114 7.27455075530069 94.9861244813266 93.2177486301603 86.5148394139014 296.981131550419 2.38458732545542 1503.5359075615 -167097.095115152 -154017.35327852
6400 0.0640000000000003 0.00858500060598413 -0.0187439222541533 7.37470610326331 95.0253895638816 93.2318509115134 86.4225076749324 298.556857742107 2.38578765281658 1511.51338713173 -167066.124768795 -153823.33502933
6500 0.0650000000000002 -0.00846238948184404 0.00177498917607996 7.42329647631673 95.0859569518461 93.2359287016355 86.3301759359635 295.187523363278 2.38671359420238 1494.45534981904 -167009.738255232 -153705.658517797
6600 0.0660000000000003 0.000582633035851183 0.00678404882683237 7.45349788979402 95.1174557151797 93.2660074632089 86.2378441969945 295.06109266023 2.38770744392475 1493.8152650404 -166969.552868886 -153600.589171343
6700 0.0670000000000002 0.0133065646347729 0.0080276398820373 7.53224975792199 95.1508310685005 93.2870959094093 86.1455124580256 293.350877064386 2.38888804649684 1485.15690164674 -166920.854478928 -153418.913241492
6800 0.0680000000000003 -0.0123137946476295 -0.00464897259832634 7.62612644119158 95.2083782723244 93.2975212359757 86.0531807190566 292.429087782068 2.38973869014403 1480.49012945843 -166875.67190669 -153294.286170599
6900 0.0690000000000002 0.00683195283408659 -0.0129747295730333 7.68230794339671 95.2414799662535 93.3214162345821 85.9608489800877 297.983162672536 2.39086174457243 1508.60892268785 -166862.773993194 -153152.450793698
7000 0.0700000000000002 0.000157688306745049 0.00239845408809329 7.72052594744743 95.2936176049211 93.3318554359024 85.8685172411187 295.582062031432 2.39185549407728 1496.45279339869 -166809.223749919 -153041.579939496
7100 0.0710000000000002 -0.00945489850332194 0.0215728804199109 7.75821818622056 95.3466058562194 93.341313438184 85.7761855021498 294.998367327752 2.39285697552102 1493.49770348623 -166764.667812921 -152930.064454298
7200 0.0720000000000002 -0.00228775698622705 -0.00181610792233798 7.81420044151036 95.3767896197558 93.3758408289739 85.6838537631808 294.866331039314 2.39379193007465 1492.82923913049 -166722.189656851 -152829.950750856
7300 0.0730000000000002 0.00231855375567007 -0.00629150045925768 7.87725529386063 95.4228154575524 93.3900939011367 85.5915220242119 293.321361542054 2.39485281781762 1485.00747246441 -166672.247341194 -152693.052871253
7400 0.0740000000000002 -0.00637315229725286 -0.0148648147970031 7.93814254832305 95.47265321551 93.4041343390275 85.499190285243 291.931316985805 2.39582736975954 1477.97004927014 -166622.554393384 -152586.283231942
7500 0.0750000000000001 0.0115631094287198 -0.014671250736263 7.95589208095997 95.5076955639834 93.4304961938883 85.406858546274 294.56008060191 2.39686098310565 1491.27877521065 -166592.770760425 -152491.716874831
7600 0.0760000000000002 -0.00841363227153537 0.0169949440010212 7.99474663651989 95.5720779316603 93.4299449159111 85.3145268073051 294.692112437276 2.39785273799362 1491.94721702167 -166550.157736209 -152373.542405354
7700 0.0770000000000001 -0.00616194814509487 0.024000930371808 8.02504486883958 95.6145769513459 93.4522857264991 85.2221950683361 295.281692631211 2.39881007023757 1494.93210359457 -166509.68425772 -152272.478230093
7800 0.0780000000000002 0.019838906340755 -0.00815048920742846 8.09757640219147 95.6381145888003 93.4864341338386 85.1298633293672 295.485032300885 2.39994383783996 1495.96155786727 -166467.070810058 -152129.737826531
7900 0.0790000000000003 -0.012381064620934 -0.0234059503711027 8.12858138092859 95.7092602997317 93.4962435365577 85.0375315903982 290.026562647607 2.40051181654939 1468.32678834103 -166395.579963667 -152114.995616254
8000 0.0800000000000002 0.00186872359568689 0.00933853036909422 8.15969429158081 95.7448079452401 93.5100162331854 84.9451998514293 291.143322744032 2.40187503577724 1473.98064552832 -166356.897092667 -151954.344024409
8100 0.0810000000000001 0.00663410915825684 -0.00929126039973037 8.16484796438815 95.7853482493556 93.5443735950067 84.8528681124604 293.854340622802 2.40258817507209 1487.70580276472 -166325.886046228 -151927.223935716
8200 0.0820000000000002 -0.00539874959597556 0.0477030445509228 8.19020124072665 95.8550266289697 93.5299790687302 84.7605363734914 295.177171021209 2.40382689436667 1494.40293868455 -166287.789545436 -151777.916923399
8300 0.0830000000000003 -0.00602243428753696 -0.0231637183748775 8.24308501007308 95.8950997436683 93.5718059987328 84.6682046345225 296.343323081314 2.40436743789062 1500.30685415181 -166248.84044303 -151765.400279131
8400 0.0840000000000002 0.0198861133717607 -0.0314084002578986 8.29687564929016 95.9187267795737 93.5993799624315 84.5758728955535 292.803171806133 2.40569047979371 1482.38401665488 -166185.922054404 -151614.663971792
8500 0.0850000000000002 -0.0150961670016933 4.54011420685188e-05 8.29905820815586 95.9959715694377 93.6003233137557 84.4835411565846 290.591981074184 2.40635750165375 1471.18935035875 -166129.505759033 -151575.196109497
8600 0.0860000000000002 -0.00182259975173421 0.033862930294583 8.27900637945964 96.033482286199 93.6289837074078 84.3912094176156 290.364556223974 2.40731220699753 1470.03795926943 -166082.752783684 -151492.096310977
8700 0.0870000000000002 0.0111303617642365 0.0198989718082501 8.307525918953 96.0769053353537 93.648788125834 84.2988776786467 295.040704764569 2.40835029413378 1493.7120465866 -166060.52049946 -151408.436491491
8800 0.0880000000000002 -0.0211600951032818 -0.0132414677865801 8.38467600806309 96.1530359012911 93.6483957398236 84.2065459396777 295.343331118784 2.40909218589397 1495.24416274415 -166016.118875454 -151348.067560379
8900 0.0890000000000002 0.0203996870951777 -0.0301866429027543 8.42432531436945 96.1720234683829 93.6854194909544 84.1142142007088 293.259722918868 2.41030756521841 1484.69541262825 -165959.639459478 -151207.452060576
9000 0.0900000000000003 0.00201917447059901 -0.0147777709340698 8.39562358313399 96.2267057557304 93.7160167027154 84.0218824617398 292.732031635387 2.41079770075703 1482.02385302889 -165910.942459761 -151214.054354971
9100 0.0910000000000002 0.00160550828549552 0.0524590665102157 8.40713371821602 96.2915475245862 93.7045926841115 83.9295507227709 292.227893194017 2.41211868855916 1479.47153515932 -165862.101867193 -151051.585070858
9200 0.0920000000000001 -0.00173905889806866 -0.00563511457753579 8.44416254246973 96.3291780904506 93.7515563057685 83.837218983802 293.535666640291 2.41262270806255 1486.09244176427 -165822.066316224 -151046.164627329
9300 0.0930000000000002 0.00931108367239379 -0.0403851779866645 8.51540633238527 96.3860308140136 93.7634221032834 83.744887244833 294.153672351409 2.41355259631549 1489.22123911545 -165778.419212645 -150929.645731142
9400 0.0940000000000003 -0.0104089547147527 0.00120704923216411 8.50252591292582 96.4598001903499 93.7619900478888 83.6525555058641 294.425916558154 2.41440559173698 1490.59953859976 -165733.105137229 -150873.519640222
9500 0.0950000000000002 0.00253886472435456 -0.00697324284640681 8.4824544115 96.4831016127736 93.8113282339942 83.5602237668951 296.362667616176 2.41521879682909 1500.4047903494 -165696.226161493 -150855.417989783
9600 0.0960000000000001 0.0134098669918161 0.0339939006615938 8.50881842643166 96.5357099750419 93.8184887516292 83.4678920279262 293.248508498445 2.41638839855177 1484.638637022 -165633.628407327 -150692.049787407
9700 0.0970000000000002 -0.0209533488925122 0.00113420424915198 8.53594430866133 96.6127811027999 93.8351906666992 83.3755602889572 290.911038485815 2.41670435846667 1472.8046525581 -165574.707144768 -150709.776891959
9800 0.0980000000000003 0.0294253833030209 -0.0136444394740314 8.59084718895263 96.6357953230242 93.8653817136215 83.2832285499883 294.966097208284 2.4180294552176 1493.33432851655 -165547.843390744 -150527.479000336
9900 0.0990000000000002 -0.00505419981386414 -0.0187924972666515 8.57405932701172 96.713156933847 93.879316284964 83.1908968110193 297.741209140103 2.41841780459566 1507.38397677269 -165514.50848818 -150570.920578305
10000 0.1 -0.0155260906151706 0.00849712129282538 8.58642792457679 96.7786197896374 93.8890029024304 83.0985650720504 293.87711951658 2.41921763641558 1487.82112620143 -165447.638531787 -150482.206102418
10100 0.101 0.0207003427312145 0.0193314528714059 8.61158872475159 96.8035421007616 93.9246284667142 83.0062333330815 295.876752748861 2.4203667274299 1497.94473355316 -165410.41750732 -150327.859130184
10200 0.102 -0.00940926982232207 0.00327098290926801 8.61902345959126 96.8745749643933 93.944258037238 82.9139015941125 294.115486493853 2.42077938811548 1489.02791434867 -165354.061464273 -150343.546776229
10300 0.103 0.00734667637570945 0.00607973642620049 8.67940623788514 96.9316049766768 93.9532894950722 82.8215698551436 293.495430564632 2.42181945302445 1485.88873729249 -165303.215569351 -150176.19019916
10400 0.104 0.00349008067892567 -0.0266588597589996 8.665687634721 96.9783898631044 93.9916312764587 82.7292381161746 298.562966323154 2.42236417166429 1511.54431324108 -165280.925340974 -150210.248527907
10500 0.105 -0.00303531619910049 0.0179498261954616 8.66970458022698 97.0488469808906 93.9939243087864 82.6369063772057 300.588470761979 2.42325101313611 1521.79889958062 -165243.264583542 -150101.269120309
10600 0.106 0.006271658355311 0.0225720913117889 8.70781309901803 97.1105586555449 94.0138643309942 82.5445746382367 297.404866949578 2.42390572699005 1505.6811663684 -165179.328290852 -149975.540048419
10700 0.107 0.00734286448402234 -0.0214101061654795 8.74927688691462 97.1587917820769 94.0532088384344 82.4522428992678 296.924778551158 2.42440080130237 1503.25060742325 -165129.072607068 -149932.780733815
10800 0.108 0.00588703195508362 -0.0102549530901732 8.76802824245108 97.2236057046969 94.0617866035039 82.3599111602988 294.779622983313 2.42527951716799 1492.39025947212 -165070.288553881 -149845.235996109
10900 0.109 0.00181104279977782 -0.00126945618865448 8.757632461612 97.2801573461932 94.0871313504905 82.2675794213299 296.396577728188 2.42593636426849 1500.57646816197 -165030.285436876 -149809.359595616
11000 0.11 0.00469299396849548 0.00505784364283104 8.76162486869173 97.3331871017579 94.1137579852928 82.1752476823609 300.394076115623 2.42665219261072 1520.8147315646 -165002.115759766 -149744.323659451
11100 0.111 -0.0127703995043713 0.0222614854775501 8.79100450256978 97.4174038805262 94.1164978459552 82.082915943392 299.361033789995 2.42721098715626 1515.5847150228 -164948.550751649 -149653.556640078
11200 0.112 0.00347995331112116 0.000737229138787039 8.83507453897125 97.4658958590936 94.1452010019908 81.9905842044231 301.421720761129 2.42799489120654 1526.01742109799 -164910.79102455 -149549.087456025
11300 0.113 0.0131301723000385 -0.00784689911497489 8.86256849306299 97.5203150327995 94.1830853425681 81.8982524654541 297.363021487044 2.42839858730861 1505.46931400202 -164842.087640506 -149458.536089047
11400 0.114 -0.0149699800294789 0.0288115325843174 8.87741290362447 97.6042979078334 94.1824838801274 81.8059207264852 297.449072594386 2.42906310031277 1505.90496770533 -164794.146147868 -149377.340625396
11500 0.115 -0.00516224286069912 -0.00205698307619855 8.89575819911829 97.6542922432059 94.2250463079953 81.7135889875162 299.511012740694 2.4294649245168 1516.34401827071 -164755.931393129 -149335.235463054
11600 0.116 0.0226251051497982 -0.0128258640084577 8.9410698604029 97.7086087697222 94.2411004434985 81.6212572485473 302.792621116745 2.43044701153383 1532.95792233319 -164723.806131801 -149194.65102838
11700 0.117 -0.0168103138141654 -0.0132493581855565 8.94801886040035 97.8089023096248 94.2466198237742 81.5289255095783 299.855687428627 2.43056213989139 1518.08901387709 -164660.295217447 -149198.129755726
11800 0.118 0.0203979331615814 0.0105662247161124 8.99398495267933 97.8487153278686 94.2796516005343 81.4365937706094 299.583472928954 2.4314756133344 1516.71086479173 -164610.405839887 -148987.631073878
11900 0.119 -0.00866461813069193 -0.0255564624060996 8.98149274571528 97.9226003177629 94.318821191255 81.3442620316404 301.254410133996 2.43138867845117 1525.17037221546 -164570.361118066 -149060.037256206
12000 0.12 -0.00791415142451208 0.0172389619295094 9.04293176919852 98.003287552256 94.3129835085403 81.2519302926715 297.300266253175 2.43229809751968 1505.15160106512 -164501.59077895 -148852.477908684
12100 0.121 0.0106040160453458 -0.0153967504579964 9.07294829386628 98.0468975128805 94.3629362993602 81.1595985537026 301.303382184971 2.43269365823777 1525.4183045899 -164472.953937701 -148781.036416048
12200 0.122 0.0173341366117771 0.00366771904680819 9.09128293597675 98.1233135483445 94.3741566016855 81.0672668147336 301.204444671097 2.43327836892222 1524.91741046259 -164423.410974096 -148666.475297582
12300 0.123 -0.0227345045611614 0.0199865743319548 9.09405478126328 98.2233013635027 94.3740256208698 80.9749350757647 303.216516273995 2.4335764792709 1535.1039899525 -164384.673222659 -148652.054747021
12400 0.124 0.0121117138357527 -0.0297310917954778 9.16523059253772 98.2631903996762 94.4319280593055 80.8826033367957 301.662485120655 2.43387223585452 1527.23634654931 -164328.004986399 -148517.061902025
12500 0.125 0.00791502808843027 -0.00729028928776567 9.21685625666433 98.344975240731 94.4426409416925 80.7902715978268 299.677883041772 2.43435128775822 1517.18883790038 -164269.144673898 -148361.981972571
12600 0.126 -0.00730459545450164 0.0268792812118138 9.22286784053211 98.427474733161 94.4519258738788 80.6979398588578 300.632336473394 2.43485446100978 1522.02097992586 -164225.112554744 -148277.130541229
12700 0.127 0.0150879183761659 -0.00984376195422465 9.23362397757485 98.4722171442798 94.5071701309901 80.6056081198889 302.007197932328 2.43511166546682 1528.98153516598 -164182.92821376 -148235.08782236
12800 0.128 0.00361681545814567 0.0170935772292283 9.26770186650712 98.5719513253452 94.5080105987717 80.5132763809199 305.639108836225 2.43541591740398 1547.36892708063 -164152.168775878 -148110.429758224
12900 0.129 -0.0102753721087168 0.0329901909884681 9.30984654184827 98.6619690575339 94.5134422147217 80.420944641951 301.976122945236 2.43584744890148 1528.82421083134 -164084.548986932 -147995.040958562
13000 0.13 -0.00885715324980268 -0.0206459848549274 9.31452515123809 98.7167076578799 94.5781438484866 80.3286129029821 302.875060705115 2.43562766681463 1533.37529188348 -164040.080061456 -148018.884742429
13100 0.131 0.0153666878057083 0.0350829683503446 9.38842308945762 98.7944550663339 94.5759235298377 80.2362811640131 302.28359900376 2.43656871109157 1530.38087974257 -163988.114276017 -147735.541598077
13200 0.132 -0.0200186018959373 -0.0299402397015457 9.4333703187123 98.8993275540755 94.6113510402094 80.1439494250442 298.519964609629 2.4358766494922 1511.32660708569 -163920.004754428 -147768.833360985
13300 0.133 0.0452554798293846 -0.00720734656031116 9.51676389418378 98.9357985030726 94.6390646085167 80.0516176860752 301.786170255477 2.43707334903662 1527.86253125157 -163887.297166879 -147459.49357567
13400 0.134 -0.0102451827000673 0.010641942698827 9.44853516511545 99.0532876768063 94.6614346412534 79.9592859471063 303.12742891717 2.43641761883157 1534.65296453147 -163844.752364919 -147571.303936299
13500 0.135 -0.0124817541770874 0.0286691043648297 9.51477762360308 99.1468910935792 94.6645502506721 79.8669542081373 303.428529763783 2.43685122958597 1536.17735745272 -163796.895120645 -147396.609473178
13600 0.136 0.00289429279022477 -0.0255374344094381 9.57218582636883 99.2020304374085 94.7175956991618 79.7746224691684 303.213382718026 2.43695007023064 1535.08812559811 -163746.464977697 -147318.899564746
13700 0.137 -0.00469414726535674 -0.00827357399488394 9.59865072866021 99.2953941646805 94.7374169822 79.6822907301994 302.297720725003 2.43696987712264 1530.45237423401 -163692.515530562 -147213.346665732
13800 0.138 0.00421504305003242 0.0351930827796518 9.61734534122744 99.391830726484 94.7496066193052 79.5899589912305 297.310850842928 2.43711615719822 1505.20518800741 -163617.694720854 -147053.843719356
13900 0.139 0.00707311620829656 -0.0120725775801745 9.67095948388773 99.4655882834522 94.798854253891 79.4976272522615 300.284573180724 2.43687080469781 1520.26034754113 -163582.791287735 -146988.010913692
14000 0.14 0.0146096892292302 -0.0254948857254626 9.76994932748683 99.5645803043956 94.8074931554772 79.4052955132926 301.1314552209 2.43705661493427 1524.54788443017 -163536.832856486 -146793.725110105
14100 0.141 -0.0117808242265506 0.00452714382138535 9.75499460886368 99.674566383975 94.8229722842605 79.3129637743237 300.231652696735 2.43680354095478 1519.99242530813 -163481.88951562 -146759.416261645
14200 0.142 0.0143776652388295 0.0158407945003179 9.74842228026401 99.7376400955402 94.8683939051421 79.2206320353547 302.71109759761 2.43693348922307 1532.54519059603 -163443.904006425 -146661.500179654
14300 0.143 -0.00618907719176975 -0.004391799512177 9.78670892037178 99.8469893240448 94.8913471998245 79.1283002963858 299.815421005544 2.43651557440895 1517.88515576443 -163378.533890577 -146612.093659589
14400 0.144 -0.00696798557117213 -0.0185636519953195 9.87594133106192 99.9557795772991 94.9108680895378 79.0359685574168 297.341761184275 2.43620583680406 1505.36167878475 -163314.924301922 -146443.191503937
14500 0.145 0.0270139282774172 0.000634147071120978 9.90782681110316 100.020325115609 94.9498293327054 78.9436368184479 298.127525550865 2.43648103497766 1509.3397932659 -163267.132497462 -146260.472803381
14600 0.146 0.00385345849612984 0.0102511684929757 9.89139298226806 100.138338682922 94.9687328750608 78.8513050794789 295.888207941179 2.43597431140976 1498.00272812301 -163203.545129902 -146251.766979603
14700 0.147 -0.00767126694406047 0.041356097955408 9.89664122631284 100.252977069614 94.9771591308069 78.75897334051 299.479278499067 2.43582518129179 1516.18335630698 -163169.163477981 -146159.52080668
14800 0.148 0.0195797871821254 -0.0237898654373042 9.96886495298369 100.335866401587 95.0337466508757 78.666641601541 297.156078433123 2.43521858202717 1504.42161676022 -163104.544848952 -146049.23085202
14900 0.149 0.011014342298315 -0.0111798672701143 10.0127559597752 100.44077023656 95.0468176557683 78.5743098625721 299.005589352574 2.43519882384635 1513.78519505998 -163060.689651659 -145921.076810933
15000 0.15 -0.0160504222390363 0.0136687518508461 9.94287287192481 100.566003192606 95.077105556815 78.4819781236032 293.2876878677 2.43425198263677 1484.83699167235 -162977.894692487 -145973.715258459
15100 0.151 0.0360305794088952 0.00146542497597873 10.0668492140906 100.640047819426 95.107665075073 78.3896463846342 294.557121003107 2.43454359565809 1491.26379155478 -162929.776811681 -145665.247175645
15200 0.152 0.00146394654670756 -0.0326414087500287 10.0261339035914 100.775649910791 95.1385442890699 78.2973146456653 294.292103107198 2.43334472439329 1489.9220769463 -162873.208971253 -145773.093963726
15300 0.153 0.00682055537284353 0.020269587168779 10.0143300504447 100.897391856555 95.144371328749 78.2049829066963 296.647023144541 2.43312907866758 1501.84440621045 -162829.475948655 -145643.481252485
15400 0.154 0.00684539585015183 0.0147490656757482 9.96440212465197 100.999780534675 95.1920465714638 78.1126511677274 295.658499395516 2.4323168209363 1496.83977529542 -162768.354494304 -145668.724358323
15500 0.155 0.0271495785764476 0.00965397835286987 10.0399690417899 101.110002054554 95.213283063717 78.0203194287584 295.060345784003 2.43199810271986 1493.81148380615 -162708.763906594 -145468.264171413
15600 0.156 0.00138736343867674 -0.0237881577523912 10.0088317285215 101.254837172281 95.2447441711802 77.9279876897895 289.595487038342 2.43059362498363 1466.14436801681 -162624.188185891 -145543.512552582
15700 0.157 0.0400035693324742 0.00723197761080692 9.9382745285686 101.369610370351 95.2696148378007 77.8356559508205 290.241793083849 2.43008709478373 1469.41644237932 -162570.097831476 -145484.335544148
15800 0.158 0.0236743042179057 -0.00505248231598608 9.72231302027728 101.540056400095 95.2911395036191 77.7433242118516 294.331321617243 2.42834052861703 1490.12062975599 -162533.667968229 -145798.736025088
15900 0.159 0.0299951915257044 -0.00383547972059527 9.51487144799916 101.750321671044 95.2789104438425 77.6509924728826 299.249199405545 2.42651528598717 1515.01852749484 -162502.675370217 -146044.46795982
16000 0.16 0.0488683109103357 -0.0211068951696821 9.04217593808645 102.013181034948 95.2613694814968 77.5586607339137 308.834838329542 2.4235902876463 1563.54804936685 -162497.929163259 -146711.876370318
16100 0.161 0.0955767290794866 -0.0390124626135139 8.40663557090178 102.375611247681 95.1809308767793 77.4663289949448 326.876926114175 2.41993211877862 1654.89030633096 -162541.075319323 -147595.039421857
16200 0.162 0.180938896190973 -0.0575164927665686 7.53155521034262 102.889001616783 95.0420971250471 77.3739972559758 352.149073682278 2.41425210144256 1782.83641904009 -162630.617031182 -148797.634575126
16300 0.163 0.254642202309113 -0.0655458723783801 6.59816815457473 103.541561899825 94.8402283809271 77.2816655170069 390.770720966462 2.40701523611056 1978.36747247029 -162802.761765261 -150108.043117657
16400 0.164 0.245459190159254 -0.0253982813948487 5.63693853161566 104.261548510935 94.6383184915328 77.1893337780379 413.51816825042 2.3983586990084 2093.53170400999 -162908.183804898 -151533.710305019
16500 0.165 0.128559188306246 -0.0459813261697857 4.80001771619262 104.879732610606 94.516048820083 77.097002039069 424.861548689978 2.39016562118355 2150.96020027495 -162959.621240072 -153045.228896938
16600 0.166 0.0568726074804315 0.0283996054943199 4.21503468616436 105.279765153846 94.4445095401099 77.0046703001 429.549631543924 2.3857444742129 2174.6947078234 -162980.28557013 -153955.339186453
16700 0.167 0.00706123985848943 -0.0147798282048476 3.89327601599402 105.492884305317 94.4558565321626 76.9123385611311 435.027983062307 2.38349662723198 2202.4301339063 -163008.345298806 -154610.508855252
16800 0.168 0.0544388767241704 0.00454430640480901 3.74889463170132 105.620832255862 94.474241914626 76.8200068221622 432.594258192989 2.38300675314505 2190.10883688975 -162999.088599905 -154736.183170103
16900 0.169 0.00777646345215119 0.003710010882959 3.73563767410747 105.792558775967 94.462798460113 76.7276750831932 440.638347244902 2.38229010973583 2230.83390474181 -163045.099597506 -154836.561256641
17000 0.17 0.0273471612949613 -0.0139600332819502 3.68097385846875 105.956782284541 94.4410670602163 76.6353433442243 444.327981354198 2.38201154183286 2249.5135337813 -163070.661071261 -154926.925780907
17100 0.171 0.0534500465051512 0.0146582031622153 3.65563760816911 106.133011041824 94.4371513165013 76.5430116052553 444.420802062102 2.38102363324195 2249.98346015868 -163079.459451984 -154885.906697775
17200 0.172 0.00704852667858786 -0.0270148578807916 3.54034218824082 106.318422256082 94.4412893318233 76.4506798662864 447.766326392727 2.37963765710548 2266.92095357604 -163106.614355755 -155217.455684842
17300 0.173 0.0136606119045771 0.0589979879854856 3.47557715204865 106.486018168284 94.4406663510397 76.3583481273174 448.758218192636 2.37878099629655 2271.94263603039 -163122.91369956 -155182.198794073
17400 0.174 0.0456443362420413 0.0178855361175203 3.48335971014687 106.62751571351 94.4471789152563 76.2660163883485 450.202521444 2.37833634074191 2279.25475646207 -163142.267734036 -155195.331954608
17500 0.175 0.0246819960247335 -0.0211051852442378 3.53992228120417 106.788812658803 94.4577506319733 76.1736846493795 451.773063951691 2.37735640595769 2287.20599242894 -163163.156126998 -155211.352920425
17600 0.176 0.0369852687228033 -0.0244759442905832 3.50879500837299 106.944493633342 94.4573234516412 76.0813529104106 452.759027829227 2.37678733677058 2292.1976634004 -163181.973802087 -155259.311445694
17700 0.177 0.0505603485744253 -0.00149133624662203 3.43508349082843 107.117957681858 94.4528077985588 75.9890211714416 452.09620275519 2.37593529226233 2288.84195762191 -163193.588048088 -155331.68824606
17800 0.178 -0.00187831852269975 0.0182854828954409 3.32633147679938 107.323748748229 94.4350373497305 75.8966894324727 454.572588367376 2.37471115602189 2301.37923455076 -163222.339683039 -155571.344159839
17900 0.179 0.00567797503284848 0.00192010772593864 3.35692827507971 107.489038182555 94.4300380415928 75.8043576935037 452.103545709072 2.37407317980507 2288.87913303023 -163226.628631077 -155551.817863236
18000 0.18 0.0115532557729192 -0.0562514957364589 3.34394940758398 107.664073262687 94.4396017603933 75.7120259545348 458.484757381781 2.37286371020486 2321.18549819754 -163276.640699494 -155671.3240529
18100 0.181 0.00222139672893387 -0.00373442895233673 3.29064835698109 107.833471582115 94.4102076352154 75.6196942155659 457.254301254671 2.37276735565937 2314.95602846615 -163288.833398143 -155705.733987218
18200 0.182 0.0138105623114773 0.00493925070926984 3.3931504111294 107.985192240543 94.4038345463583 75.5273624765969 460.136685190695 2.37249035659275 2329.54876614132 -163322.222415281 -155527.262103762
18300 0.183 0.00832504860067769 -0.0243849972456274 3.36198368296128 108.151796222858 94.4292014903054 75.435030737628 462.64363843158 2.37109792154664 2342.24079878518 -163354.309301643 -155649.195025244
18400 0.184 0.0426009674665593 0.00841590536456529 3.38012923005404 108.303062384793 94.4144032364267 75.342698998659 459.96077853039 2.37105949886843 2328.65819784573 -163360.694881318 -155532.478989848
18500 0.185 0.00328522830461957 0.0173315088798408 3.35946827015983 108.48159289529 94.4094731024628 75.2503672596901 457.838856234833 2.37018564884249 2317.91547372797 -163370.034418147 -155632.406285646
18600 0.186 0.0394891995358166 -0.0054314189363496 3.46217764187236 108.636269237881 94.3958955042331 75.1580355207211 459.359510634529 2.37005946082812 2325.61413956912 -163398.403997006 -155466.540249096
18700 0.187 0.0218679266736541 -0.00428440945063545 3.44557066736573 108.798956766825 94.4079139704197 75.0657037817522 462.639711166126 2.36912470783742 2342.2209160923 -163435.920349715 -155538.304880663
18800 0.188 0.0226985893083247 -0.00914892870331147 3.43673228672944 108.923234603089 94.4020417310848 74.9733720427832 462.733367749189 2.36948331016934 2342.69507428168 -163457.728925412 -155581.125846942
18900 0.189 -0.0108951822691955 0.00234915012262486 3.43601828246691 109.106055681296 94.3942007569962 74.8810403038143 461.885230287173 2.36862646140259 2338.40118152818 -163475.205001271 -155637.491641331
19000 0.19 0.0424310765222254 0.0111303564975024 3.45880884579947 109.245458206533 94.3762504509861 74.7887085648454 459.646559293174 2.36897496934755 2327.06739002728 -163485.517736356 -155523.750003793
19100 0.191 0.0280412647549297 -0.0248182105054034 3.47376085462054 109.413027571792 94.3881471971065 74.6963768258764 461.072150343962 2.36797210487291 2334.28477560046 -163514.832833497 -155600.253780288
19200 0.192 0.00612921741996882 0.0546007373201262 3.49975675227809 109.554372782137 94.3624379550466 74.6040450869075 461.415661812238 2.36848898849902 2336.02388213735 -163538.433411742 -155489.346676494
19300 0.193 -0.0110079548090301 -0.0122107843375508 3.54919684210218 109.693311607517 94.3785929116542 74.5117133479385 460.321941476475 2.36801483911983 2330.48666908592 -163554.926020531 -155565.615248477
19400 0.194 0.0320445242311509 -0.0266411207942822 3.6089861099299 109.837451239038 94.3814413532032 74.4193816089696 460.307454553826 2.36776996090884 2330.4133256776 -163576.756139671 -155445.027775277
19500 0.195 -0.00224448422460938 -0.0170100478642821 3.55645906150408 110.014135137736 94.3765227169845 74.3270498700006 459.17163884377 2.36702725821874 2324.66299502351 -163593.377656247 -155589.504809014
19600 0.196 0.00132445058111622 -0.00598697577516971 3.55720103346353 110.191637232346 94.3575336570393 74.2347181310317 459.736433480578 2.36662983446097 2327.52239896074 -163619.049641452 -155586.73986541
19700 0.197 0.0363818082985205 0.00804068298724003 3.55571722553022 110.347845458824 94.3523040772534 74.1423863920627 460.126849165719 2.3663538507486 2329.49896898195 -163644.321821627 -155532.921578634
19800 0.198 0.02114875845179 0.0226623669819744 3.45569321783749 110.511548829692 94.3657426557139 74.0500546530938 459.130075544518 2.36545779833355 2324.45257117424 -163662.980922576 -155716.120634619
19900 0.199 0.0597451450833748 0.0266269929686022 3.51541280383151 110.66617965474 94.3430145045773 73.9577229141248 461.359193240598 2.36567138939118 2335.73799688711 -163698.274712907 -155576.324419788
20000 0.2 -0.00862706035056092 -0.0199032697188719 3.45665740887364 110.8846021092 94.3334830654593 73.8653911751559 461.979330084309 2.36420156666237 2338.87758359167 -163725.738357971 -155876.203329224
20100 0.201 0.0171336735107143 -0.00245082915202032 3.54861184340136 111.008504714711 94.3187425032911 73.773059436187 460.651757595414 2.36488793891789 2332.15643973811 -163743.2986157 -155684.867485743
20200 0.202 0.0633495149256142 0.0269586128299983 3.5618531863003 111.14494535361 94.3388088716865 73.680727697218 461.409874671161 2.36444166591139 2335.99458339246 -163771.275687737 -155565.088494489
20300 0.203 -0.00899883150604458 -0.00122404235248658 3.55090637328459 111.324441783689 94.3363579249414 73.5883959582491 459.217142711849 2.36365260805003 2324.89336891708 -163784.734239301 -155766.928972631
20400 0.204 0.0398704900133077 0.0408994601602101 3.54206290311566 111.470594509832 94.3117978762223 73.4960642192801 458.776450958023 2.364134557536 2322.66226462912 -163807.008080688 -155660.537000799
20500 0.205 0.00452037179889834 -0.0491230252921759 3.61035446044196 111.616271517085 94.3268464900003 73.4037324803112 454.715774993618 2.36364171016156 2302.10415007961 -163810.722161941 -155775.373432635
20600 0.206 0.0167176695431362 0.0337472072370101 3.58945762816928 111.763875801552 94.31761930412 73.3114007413422 452.227520197912 2.36372426656828 2289.50678265437 -163822.448403996 -155680.645040992
20700 0.207 0.0312036418545306 -0.0147130644855936 3.61026835019839 111.939748118234 94.3220923556335 73.2190690023733 455.447372057577 2.36287453294462 2305.80803001901 -163862.856995232 -155723.819906562
20800 0.208 0.0477991256291998 -0.0393675148840723 3.72431875989641 112.103492382434 94.2901614730127 73.1267372634044 453.640204838127 2.36320227915154 2296.65882652845 -163877.680365095 -155578.149941821
20900 0.209 0.0110248396065144 0.00118206102194178 3.74089930033262 112.247423425282 94.2881791149275 73.0344055244354 450.974133215552 2.36320549212779 2283.16122014604 -163887.747226332 -155568.987119134
21000 0.21 0.0211115267480211 -0.0301877420107176 3.66142755807519 112.39704532217 94.2987298384746 72.9420737854664 448.853602200193 2.36278264000674 2272.4255397072 -163900.14004254 -155753.094490502
21100 0.211 0.0045209575876117 0.0598970886271731 3.69192895028087 112.564801766403 94.267488685266 72.8497420464975 447.944231038195 2.36303442627021 2267.82163713525 -163918.284557097 -155609.215002942
21200 0.212 0.00328547676439284 0.028346657507142 3.6749038028725 112.70739031242 94.2894693166613 72.7574103075286 444.147064134098 2.36248901277398 2248.5975983638 -163921.534950864 -155710.423223935
21300 0.213 0.060335246421376 0.0288664763539765 3.77896691594447 112.81633329369 94.2786060687864 72.6650785685596 445.382125442092 2.36347892925534 2254.85038289228 -163949.967955664 -155475.199446904
21400 0.214 -0.0105158913725281 -0.0735916976036481 3.79622176903208 112.986525561451 94.2939374796701 72.5727468295907 441.247996732599 2.36253705691349 2233.92039677245 -163950.805622588 -155745.5190993
21500 0.215 0.017911493935634 -0.0281612531461738 3.7730926530426 113.108743224123 94.2900867661784 72.4804150906217 438.323406825524 2.36308711062264 2219.11398157285 -163957.365123996 -155686.69094145
21600 0.216 0.0122818107469663 0.0242389284084099 3.67658059354146 113.265859021077 94.2934266579143 72.3880833516528 436.670654573161 2.36273544309788 2210.74653969277 -163970.335274727 -155787.136175843
21700 0.217 0.00919852894629017 0.038072050969794 3.69551710387668 113.433933814439 94.2803556784162 72.2957516126838 435.407893860346 2.3625751553148 2204.35352049837 -163985.073494552 -155760.109048485
21800 0.218 0.0145302969509294 0.00543276284557158 3.78215784285597 113.579497309903 94.2682378022388 72.2034198737149 432.082262916495 2.36286830265387 2187.5167419688 -163988.899763288 -155686.08805512
21900 0.219 0.0106766484959144 -0.0537410111577259 3.75934391577302 113.704925879914 94.2935752270732 72.111088134746 431.686930570195 2.36264887800866 2185.51528020932 -164007.262315919 -155843.963357714
22000 0.22 0.0287769592279145 -0.00104162652703208 3.73003059950719 113.843035661084 94.2922671164253 72.018756395777 426.724856127186 2.36284074904514 2160.39362664801 -164002.088995451 -155797.670033775
22100 0.221 0.0268569724042376 0.0228332467707601 3.75710999391607 114.003809912818 94.2772160996121 71.9264246568081 425.400591572697 2.36291460974397 2153.68922998014 -164014.588369889 -155738.198007119
22200 0.222 -0.00457878038854308 0.00109957269810141 3.8194208364895 114.141936971462 94.2862202081568 71.8340929178391 422.586747657719 2.3628629866392 2139.4434920696 -164019.077959441 -155742.096568845
22300 0.223 0.019018090044011 -0.0157775675439532 3.80957434264264 114.246236457398 94.2914759094681 71.7417611788702 421.249606154049 2.36361232330167 2132.67390285778 -164030.328552715 -155767.090010418
22400 0.224 0.0446094595031116 -0.0486412399342152 3.8764892520169 114.393652096218 94.2984309040262 71.6494294399012 418.245468617806 2.36343404634348 2117.46475932259 -164032.55669632 -155688.15922485
22500 0.225 0.0290148411596032 0.00763223299857289 3.91918349812234 114.549551417749 94.2834443940251 71.5570977009323 415.342818575721 2.36363855307586 2102.76941978173 -164034.585240384 -155571.369074491
22600 0.226 0.00270533338807813 0.0213044049302001 3.87858955308589 114.678674263793 94.2925091623953 71.4647659619633 410.416557266944 2.36380029956246 2077.82907852467 -164025.855799981 -155673.598125372
22700 0.227 0.00564801869039871 -0.00745523945195235 3.93822743326708 114.803610364417 94.3130386092603 71.3724342229944 410.433628844163 2.36376785878674 2077.91550734664 -164041.476432474 -155634.669672428
22800 0.228 0.0137009242621468 -0.0184952381428412 3.96110486251828 114.948056195955 94.3084927216159 71.2801024840255 407.343772183996 2.36396947599093 2062.27239085124 -164040.925019931 -155618.324627445
22900 0.229 -0.00679670073760749 -0.00718844239309705 3.94452731781721 115.089714727272 94.3047305252452 71.1877707450565 403.598178217836 2.36421642556515 2043.30945204813 -164036.424104795 -155674.87298024
23000 0.23 0.00198032326431724 0.00222696849878847 3.95727890632622 115.181566066269 94.3291157859805 71.0954390060876 403.363743429049 2.36478756239642 2042.12257151777 -164048.944812804 -155640.376854203
23100 0.231 0.02452597479249 -0.028521947940047 4.05957548209106 115.288947729659 94.3505807749981 71.0031072671186 401.946280791537 2.36511905702852 2034.9463379234 -164054.749189806 -155503.0550224
23200 0.232 0.0324236635388935 0.0237534880084231 4.08165812576227 115.46895129535 94.3318259040115 70.9107755281497 395.408690545286 2.36497698110438 2001.84826993219 -164033.971292672 -155382.802268935
23300 0.233 0.00738328482657873 -0.00287912273911319 4.11882897928768 115.633491227165 94.3356363765356 70.8184437891807 396.980870344744 2.36459526050353 2009.80779506864 -164053.601148836 -155416.707250659
23400 0.234 -0.0154574657363426 -0.0224670504292911 4.14952415231106 115.743915142232 94.3528017224121 70.7261120502118 393.557281637913 2.36499300937458 1992.47508262806 -164047.468201965 -155447.876674924
23500 0.235 0.0545698951485173 0.00630658375456465 4.14707282366845 115.865904763225 94.3542282039446 70.6337803112428 392.863498809732 2.36555549771378 1988.96264603394 -164054.686319799 -155305.38644258
23600 0.236 0.00442466468621532 -0.0341475349019509 4.10006642716761 116.048227388136 94.3704831763455 70.5414485722739 389.360928162418 2.36452305029144 1971.23006918802 -164047.15481717 -155533.804557464
23700 0.237 0.0452337734291443 0.0296132951164681 4.2232912924104 116.133520583405 94.3595302035058 70.4491168333049 387.496756346328 2.3661577784598 1961.79226669625 -164047.12754316 -155181.861261889
23800 0.238 -0.036183976160152 -0.00790523719648141 4.15957168905879 116.291434916173 94.3855249620822 70.356785094336 385.216330271094 2.36539407184027 1950.24708040527 -164044.629335484 -155482.147621381
23900 0.239 0.00369088595323651 0.0182099132194531 4.18622814995045 116.425651944498 94.384199114642 70.2644533553671 385.20049381563 2.36580513468234 1950.16690467386 -164052.772959242 -155342.693583081
24000 0.24 0.0539294664090863 0.0216870855608968 4.2754055460499 116.546319720834 94.3967061058621 70.1721216163981 379.998602640458 2.36615180318886 1923.83112324469 -164034.069493707 -155121.807258847
24100 0.241 0.00485975764084925 0.00809364776167761 4.30069836977236 116.666974993381 94.3898604763263 70.0797898774292 378.495330678366 2.36699065293184 1916.22046002836 -164033.457325372 -155191.283808864
24200 0.242 0.00291046895685167 -0.00875512477915212 4.30853429849211 116.819809099238 94.4055695388286 69.9874581384602 374.740885765645 2.36661866771218 1897.21271125399 -164020.628525689 -155213.977585303
24300 0.243 -0.00137517366694516 0.0193924459588684 4.32887842910246 116.940958186767 94.4011688383501 69.8951263994913 372.963910378206 2.36740031590203 1888.21636092049 -164017.16309604 -155150.825313768
24400 0.244 0.0265054641503999 -0.000419494441704717 4.28910390447497 117.064487829748 94.4332516237624 69.8027946605223 372.415387022732 2.36722583249613 1885.43933412156 -164019.255221083 -155206.081601335
24500 0.245 0.0338728768504894 0.0590658180739348 4.35456554786484 117.210891385407 94.4076048509937 69.7104629215534 368.83013153567 2.36804363322296 1867.28814608333 -164005.698522495 -155000.720507777
24600 0.246 -0.0219848989923983 -0.0207336076201077 4.30000585800984 117.366508477225 94.4409367616466 69.6181311825844 366.50845092139 2.36720453018125 1855.53409911329 -163998.188624067 -155307.817167455
24700 0.247 0.0605119366944961 0.0330581731443117 4.42110815833012 117.461012184404 94.4529351450215 69.5257994436155 367.10483116002 2.36814029159457 1858.55341249073 -164004.792968869 -154901.039484403
24800 0.248 -0.0204322426577611 0.0093471447494168 4.3596227367459 117.631420379064 94.4578395870266 69.4334677046465 362.167496877976 2.36773127315585 1833.55701173648 -163982.719527831 -155169.381031568
24900 0.249 0.068580574398191 0.0148329893184706 4.49183162013238 117.75540784883 94.437889529863 69.3411359656776 362.262575982144 2.36888800751658 1834.03837176911 -163985.62853776 -154811.509267246
25000 0.25 0.0268697402141183 0.0197647537720065 4.45087001972848 117.893160673134 94.4347813280177 69.2488042267087 360.289372579195 2.36935287751424 1824.04857156272 -163977.495028073 -154939.500833498
25100 0.251 0.0219522625732738 -0.0459313770704909 4.53224990290531 118.034195683041 94.4612216979732 69.1564724877397 360.845909218857 2.36901810353056 1826.86616747273 -163981.759832871 -154922.657193877
25200 0.252 0.0183149337338839 0.0120277718918221 4.47364063959568 118.180571607116 94.4426641238825 69.0641407487708 359.04360973196 2.36971264900123 1817.74160800802 -163973.711800884 -154932.729402638
25300 0.253 -0.0115675073722193 0.0190142790111274 4.47700147285546 118.337136398849 94.4570915440386 68.9718090098018 357.349210687369 2.3693835768063 1809.16331957609 -163965.788961661 -154963.715322342
25400 0.254 0.0283269314830924 -0.00671265774662588 4.47450167962513 118.476655047089 94.4644298539375 68.8794772708329 356.498945834917 2.36958166585096 1804.85865641474 -163961.945105878 -154946.064368639
25500 0.255 0.0245040514128049 -0.0147965327761088 4.45923003297037 118.664174489619 94.461006546584 68.7871455318639 354.973661010655 2.36909860116104 1797.13654797451 -163954.694613801 -154988.664164343
25600 0.256 0.0261785292734027 -0.00478111806996852 4.53228390757328 118.81556805939 94.4547941578614 68.694813792895 356.036361441318 2.36941596380642 1802.51671555667 -163960.087393779 -154853.712576846
25700 0.257 -0.0216574578359219 0.00383646457536571 4.42119926670411 118.996115870038 94.4553368280243 68.6024820539261 355.9276029665 2.36899148453329 1801.96610053515 -163959.46522787 -155093.45344772
25800 0.258 0.0362619823186483 0.0466025707973839 4.49553722340389 119.135746372505 94.423495285075 68.5101503149571 353.589839714018 2.37020293939276 1790.13063147645 -163947.422786683 -154816.222035163
25900 0.259 0.00838451454835653 -0.0135530826492643 4.44075574200492 119.2979276416 94.4414013180833 68.4178185759882 355.309244302593 2.36972565542207 1798.83551627856 -163955.860402138 -155043.513156967
26000 0.26 0.0275485898283939 -0.00155320202491715 4.44337673355969 119.458314619295 94.4365912176879 68.3254868370192 352.423330278632 2.36986275181263 1784.22490671388 -163940.953379882 -154989.449251522
26100 0.261 0.0211677214102912 -0.00234022806589335 4.45928862780951 119.645755190098 94.4226388519633 68.2331550980503 353.909017813262 2.3697019891523 1791.74654468486 -163948.195555163 -154974.660345262
26200 0.262 0.0291965083264414 -0.0123422752201528 4.45164936618878 119.810680198366 94.4023283152808 68.1408233590813 352.001335698493 2.37015636804309 1782.08846120731 -163938.057946673 -154990.970777343
26300 0.263 0.0152299485645658 -0.0109449464431984 4.42871910973065 120.000821142533 94.400335763086 68.0484916201124 353.399183792484 2.36966173482139 1789.16539162259 -163944.633226517 -155045.906883967
26400 0.264 0.0383150051000886 0.0135906261037219 4.44199155999902 120.192209716757 94.3700456219579 67.9561598811434 353.301319626619 2.36986333186766 1788.6699315687 -163943.815327629 -154948.538471301
26500 0.265 0.0125838658411271 -0.0233360210471501 4.37380655373865 120.369595836425 94.381523740989 67.8638281421745 353.950791987497 2.36930229133276 1791.95803613767 -163946.841959705 -155156.445324115
26600 0.266 0.0416844010546271 0.0184143690339064 4.31586949200061 120.535148578241 94.3682089385529 67.7714964032056 351.32895667637 2.36960588868672 1778.68438634918 -163933.532308925 -155136.594495999
26700 0.267 0.0194226948267718 -0.0309096057001001 4.33431401663638 120.732592200642 94.3595116900611 67.6791646642366 352.95742011434 2.36917649708586 1786.92886046898 -163941.843862667 -155220.633731929
26800 0.268 0.038066473461582 0.0402716571649121 4.33004443258103 120.897719403302 94.3248151773775 67.5868329252677 350.594639936299 2.37004421351371 1774.96673741823 -163929.699122489 -155085.799939493
26900 0.269 0.0167700503678957 -0.0104675366111468 4.26124804344338 121.097861558241 94.3323488602605 67.4945011862987 350.726440828256 2.36917477974326 1775.63401002464 -163930.313283658 -155309.062591464
27000 0.27 0.0279400187905267 0.00853506066527494 4.25368278822229 121.260042845655 94.3321872276154 67.4021694473298 350.676223493388 2.36925125081013 1775.37977311147 -163930.244992824 -155273.206067921
27100 0.271 0.0329952064304958 -0.0114116120164754 4.25366702960775 121.443675634694 94.3347819025912 67.3098377083608 348.846410371791 2.36884867932714 1766.1159194852 -163921.137883691 -155296.109453219
27200 0.272 0.034256756056972 0.0286208293658464 4.27460169547725 121.594908966954 94.3075790231972 67.2175059693919 351.429013851335 2.36983567471745 1779.19094902063 -163933.990460514 -155198.949901689
27300 0.273 0.0458372755949431 -0.0034300589500978 4.31100715123787 121.724665718356 94.3255153507275 67.1251742304229 349.830682553571 2.37011496403458 1771.09902585426 -163925.492082448 -155173.811631171
27400 0.274 0.00583540954575091 -0.0309325768930316 4.28656809836257 121.926141180679 94.3289192877488 67.032842491454 348.791563001086 2.36937221731216 1765.83824194097 -163919.855990915 -155318.723076663
27500 0.275 0.0255179864082577 0.0448503917861954 4.32333461777538 122.09444640698 94.2839156708581 66.940510752485 349.851809240238 2.37050061848062 1771.205984609 -163924.623729818 -155109.380775442
27600 0.276 0.0219490579097095 -0.0417933674773741 4.34776772223642 122.292552461611 94.3063380763481 66.8481790135161 348.477301215159 2.36936595070585 1764.2472187098 -163916.896186148 -155210.747787035
27700 0.277 0.0441924383941587 0.00933872852796821 4.38397531940718 122.436127609252 94.2806812810367 66.7558472745472 349.890402458839 2.37050570901716 1771.40137173562 -163923.005161084 -155037.355819667
27800 0.278 -0.0416124328281345 -0.0230218365310577 4.37734188554637 122.599893397355 94.3150589789675 66.6635155355782 351.049002787223 2.36975402485648 1777.26705480829 -163927.724551788 -155234.094963314
27900 0.279 0.0384754879222133 0.00262388354963831 4.35642730386967 122.767604058745 94.2989559285743 66.5711837966093 350.492231478032 2.37020369670071 1774.44827082932 -163923.629035641 -155098.130433373
28000 0.28 0.0462155996679267 0.00150746743514219 4.46714775377993 122.964369306863 94.2648852480931 66.4788520576403 350.897496770571 2.37055411658946 1776.50002043456 -163924.173891123 -154909.542553111
28100 0.281 -0.0159060055476856 -0.0282954026224435 4.39345170326305 123.144116958941 94.2857453650647 66.3865203186714 351.926378416236 2.36986170091519 1781.70897256836 -163927.682259138 -155171.323549111
28200 0.282 -0.0102338422392342 0.0138472635838089 4.43413221148796 123.298667158272 94.2768307580887 66.2941885797024 350.804921418535 2.37041179469428 1776.03133622821 -163920.599071286 -155029.654486162
28300 0.283 0.0221481254501829 -0.00312057039878421 4.49053099321572 123.452448711569 94.2797975293385 66.2018568407335 350.322943009024 2.37068632641484 1773.59120866325 -163916.192569871 -154913.389735551
28400 0.284 0.0267824226746688 -0.0138898486900098 4.44060842922407 123.589938262426 94.293798425328 66.1095251017645 348.592091275108 2.3710042477036 1764.82837003097 -163905.246899015 -155002.02928193
28500 0.285 0.0118863439602486 0.0140777044653587 4.43300317231905 123.801512561685 94.2829212632917 66.0171933627956 347.353075214323 2.37053612247918 1758.55556364859 -163896.799002429 -154989.681153657
28600 0.286 0.0367542227165177 0.0671099119221781 4.47197013279153 123.94991218092 94.2593940286206 65.9248616238266 346.7227541041 2.37160589788454 1755.36441673106 -163890.887040888 -154802.909565333
28700 0.287 -0.00317460496385733 -0.06902380596783 4.44570944692644 124.124903132678 94.3118158933915 65.8325298848577 347.661130016606 2.37026574969209 1760.11516258443 -163893.012233317 -155120.537308288
28800 0.288 0.0473959979077028 0.0545108551663372 4.51442699567354 124.279686812522 94.2575999789118 65.7401981458888 347.180336122231 2.37200215445215 1757.68103190227 -163887.658618675 -154733.701173851
28900 0.289 -0.0260087753130373 -0.040497395457368 4.50873580063585 124.440599612912 94.3038998867329 65.6478664069198 345.130069188836 2.37110207955436 1747.30107968661 -163873.737115181 -155006.407135106
29000 0.29 -0.00275913520395991 0.0360809426818118 4.52106392509405 124.557840042849 94.3093229251102 65.5555346679509 343.510594230058 2.37207030158362 1739.10211182893 -163861.474238658 -154825.558438023
29100 0.291 0.0381649608050064 0.0245226961524671 4.60197631350177 124.711383428917 94.3127949512011 65.4632029289819 340.934346483135 2.37240402914206 1726.05925966506 -163843.904747557 -154645.400710545
29200 0.292 -0.0147321549342093 -0.0184436664191037 4.62754798458638 124.884276968368 94.3249123190905 65.370871190013 340.547815861773 2.37216103920174 1724.10235868095 -163836.929398571 -154752.230612135
29300 0.293 0.0631056970939641 -0.0284833607488604 4.67496550844314 124.951041946992 94.3666276873213 65.278539451044 338.928755208246 2.37319742971483 1715.90548833977 -163822.963910522 -154565.171164461
29400 0.294 0.0166642470251191 -0.019944430742483 4.68592948877978 125.121666765869 94.3598956968305 65.1862077120751 338.312618622161 2.37348737558555 1712.7861538679 -163813.548182528 -154602.929930374
29500 0.295 -0.00100363382340734 0.0573277947457828 4.7046332386227 125.265808700625 94.3437614086478 65.0938759731062 335.961663583334 2.37452501780007 1700.88389832901 -163794.645561597 -154473.874343937
29600 0.296 0.0160646509164971 -0.0111222918065237 4.82733500796007 125.368339307294 94.4012552693471 65.0015442341372 336.093598806848 2.37450615118883 1701.55185102012 -163787.364667369 -154351.716812796
29700 0.297 0.00506432781024824 0.00145616207304905 4.82764097647485 125.50370537295 94.3994293623299 64.9092124951682 333.75081654808 2.37536502811154 1689.69097207718 -163766.991871025 -154342.986940562
29800 0.298 0.0188185858946259 0.00668354418659531 4.83793618790454 125.649294572738 94.4123523090157 64.8168807561993 331.62848620563 2.37566727447484 1678.94618212732 -163747.235732458 -154288.124679321
29900 0.299 0.0293520627764582 -0.0364043465533675 4.91091011344652 125.807262658699 94.4386608526609 64.7245490172304 330.192662254034 2.37540709479789 1671.67699011875 -163730.235967046 -154212.874746115
30000 0.3 0.0471735363704273 0.0102207748769489 4.93233003091965 125.922110650476 94.4405009104902 64.6322172782614 329.207866633716 2.37658462892196 1666.69123372061 -163714.845144931 -154069.047204244
30100 0.301 -0.0129266190167259 -0.0366906365466374 4.91583366449505 126.087314517689 94.4636130477347 64.5398855392925 330.581911285372 2.37628472959153 1673.6476536843 -163710.963790797 -154254.729841039
30200 0.302 0.00111346248705314 0.0504518976526775 4.98330949311928 126.21838711051 94.4562560025281 64.4475538003235 327.799192981318 2.37740309753996 1659.55949640329 -163685.368001515 -153977.273091104
30300 0.303 0.0281959656393277 0.0188220704689737 5.00262723354706 126.350628938632 94.4872740153615 64.3552220613546 329.408428213615 2.37754143567007 1667.70662326903 -163681.561422742 -153942.17771094
30400 0.304 0.0134754475996783 -0.0656729193053085 5.01034034149634 126.53314509228 94.5113421825322 64.2628903223856 326.200338719358 2.37691760344648 1651.4649256093 -163653.060834477 -154074.10207011
30500 0.305 0.034152044686712 0.00629074851397594 5.0325369995432 126.681361955755 94.479740238399 64.1705585834167 326.187671620149 2.37834789283231 1651.40079547953 -163640.201600449 -153882.57393258
30600 0.306 -0.00984647564154163 -0.00973768305505299 5.04452187650786 126.830494806944 94.537560570362 64.0782268444478 325.415069107529 2.37751930194782 1647.48931593895 -163623.10132349 -153943.354279328
30700 0.307 0.0383674605444921 0.0408730585197505 5.0602212448817 126.945416657814 94.5263664499664 63.9858951054788 323.240279871921 2.37907633066292 1636.47894066682 -163598.704516766 -153752.280221324
30800 0.308 -0.0072776284760212 -0.0208350044607719 5.08164199448747 127.144602083039 94.5441421334387 63.8935633665099 324.897798716696 2.37833459654601 1644.87051452731 -163593.389215039 -153873.326958508
30900 0.309 0.0631681323557597 0.0157463407391291 5.08097436854855 127.295370400339 94.5462669734937 63.8012316275409 326.375705710528 2.37890203515438 1652.35276170464 -163587.136714576 -153691.603801412
31000 0.31 0.0110583840804022 0.0234462168178226 5.02666807213959 127.500953731085 94.5337192339814 63.708899888572 326.109342352913 2.37882411019885 1651.00423538398 -163572.174335077 -153835.429096163
31100 0.311 -0.00392715611442009 0.0173302110281624 4.96108673291441 127.689291915558 94.5257998847961 63.616568149603 325.304875856211 2.3789621848801 1646.93143702839 -163554.484635998 -153960.758228318
31200 0.312 -0.00762997225707428 -0.0130149068256377 4.969219702523 127.881594690775 94.5495034380804 63.5242364106341 325.402059661233 2.3782410249456 1647.4234525976 -163541.399474112 -153986.183281369
31300 0.313 0.0186983014364339 -0.0163523195945268 5.03332640213009 128.028234935673 94.5374154115217 63.4319046716651 326.592398904825 2.37927904880792 1653.44982129509 -163533.755926264 -153836.842694885
31400 0.314 0.00486618186992209 -0.0536993813988216 4.9816830301263 128.214884919689 94.5695002662557 63.3395729326962 324.090701316956 2.37847145502285 1640.78439661445 -163507.526163045 -153984.841155053
31500 0.315 0.0427234489923906 0.0462256504785667 4.98935466237807 128.383503017582 94.5332887054532 63.2472411937272 325.895058214351 2.37972646594005 1649.91937219734 -163503.143449946 -153743.1907743
31600 0.316 0.00641536832432642 -0.00524974966411126 4.94832017702628 128.600181041216 94.5563330117338 63.1549094547583 324.583559056321 2.37861031091124 1643.27960331188 -163483.07786942 -153931.777730957
31700 0.317 0.0435567020582061 0.00578042473023616 4.9569196824168 128.765726911925 94.53406566633 63.0625777157894 325.058915705381 2.37959077491637 1645.68620667766 -163471.966659851 -153830.84998435
31800 0.318 -0.00338719637482117 -0.0423522586272364 4.92077642250195 128.984319979767 94.5553119139175 62.9702459768204 325.859871418485 2.37850668146225 1649.74123087644 -163462.583890259 -154023.433069738
31900 0.319 0.0134462084378323 0.0121702357396453 4.88735060123339 129.166149337672 94.5421618918349 62.8779142378515 328.02456834405 2.37897701837723 1660.70051148657 -163460.208193507 -153951.044817642
32000 0.32 0.0340735578879128 0.010340688472675 4.86263855542468 129.341185568407 94.5515882890503 62.7855824988825 327.485592049738 2.37901413051462 1657.97181890063 -163444.395852269 -153947.531457825
32100 0.321 0.0448131330127659 0.0136357486113507 4.83850665209152 129.530700536701 94.5455722502544 62.6932507599136 326.688516575903 2.37918337753713 1653.93643931376 -163427.649625513 -153951.507225419
32200 0.322 0.0307525488202126 -0.00611548387524835 4.89951465317291 129.734197062184 94.5365291321225 62.6009190209446 325.972682455713 2.37918265406706 1650.31236293576 -163411.508016629 -153895.545175828
32300 0.323 0.0260358579619206 -0.0119067070701485 4.84764518512389 129.915130317532 94.5473400249519 62.5085872819757 327.844271731437 2.37910649904414 1659.78771803851 -163408.296148784 -153982.248593383
32400 0.324 0.0432844427422175 0.00986612926186132 4.87599672400809 130.094763709917 94.5500635016875 62.4162555430067 326.507256074568 2.37926744840098 1653.01876595533 -163388.868105623 -153862.499724954
32500 0.325 -0.00964095163801268 -0.00509679466039761 4.82786293242148 130.286591558598 94.5735633137806 62.3239238040378 327.080276228462 2.37869276894914 1655.91981348194 -163378.989013715 -154033.184848317
32600 0.326 0.0584970854013166 0.0394409520447416 4.88911829657503 130.425107200569 94.5474126148029 62.2315920650689 323.944827792926 2.38035018537567 1640.04587804192 -163350.097925914 -153747.827442836
32700 0.327 0.0437623567218789 -0.00818894708167966 4.82536600518835 130.647044981675 94.5711137494611 62.1392603260999 325.058894129097 2.37924103345429 1645.68609744271 -163342.737195938 -153932.564043286
32800 0.328 0.0243861803432538 0.017870806995726 4.89107327159722 130.825387953912 94.5561765720008 62.046928587131 327.72252797115 2.3799092283827 1659.17136199542 -163343.052807387 -153805.975339195
32900 0.329 -0.0201152529666346 -0.0343908232186731 4.85053169318446 131.006657782529 94.576307556154 61.954596848162 324.853266091977 2.37965149698723 1644.64505777868 -163315.435134955 -154011.312683503
33000 0.33 0.0665711420309335 0.0293060036636606 4.89330978466035 131.146240004856 94.5550762075733 61.8622651091931 326.807467091797 2.38120126655845 1654.53865390879 -163311.90913021 -153694.591256091
33100 0.331 -0.0185472877429653 -0.0210553858329037 4.83922324463378 131.370811187844 94.5829392096737 61.7699333702241 326.953039364749 2.37998267251357 1655.27564732782 -163299.291814252 -153979.864081555
33200 0.332 0.0175130579186225 -0.000249610059917265 4.853977719182 131.555686518447 94.586294055862 61.6776016312552 325.253711002091 2.38011149976601 1646.67240307909 -163277.321508385 -153852.552516508
33300 0.333 0.0359982576850507 0.00829567882234224 4.85415319160174 131.734926740501 94.5864872284772 61.5852698922862 325.301060121638 2.38043175603225 1646.91211898648 -163264.00468822 -153796.607471172
33400 0.334 0.0201874405875847 0.00211194594941117 4.87622976796714 131.909120497504 94.5888995102679 61.4929381533173 325.619140681162 2.38079703914662 1648.52247564533 -163252.036602885 -153784.097980786
33500 0.335 0.0183466930657381 -0.00217749484127473 4.88084487005961 132.099960826708 94.608118025645 61.4006064143483 324.840920382872 2.38044889812284 1644.58255476091 -163234.430955434 -153771.707516456
33600 0.336 0.0222617998404705 0.0269663547382679 4.83421258351988 132.2547595931 94.6186601257566 61.3082746753794 324.702336248636 2.3809781873829 1643.88094041607 -163220.026644218 -153781.407950085
33700 0.337 -0.015731240513362 0.00028251470630773 4.85313454532027 132.456351020365 94.6352438022461 61.2159429364105 324.140160892982 2.38052298941189 1641.03479719762 -163203.420580166 -153839.203533131
33800 0.338 0.0427866203767186 0.00481337845710188 4.89878794911258 132.59960908598 94.6223364319636 61.1236111974415 323.594783488292 2.38186805409584 1638.2736975047 -163186.370589796 -153655.835167293
33900 0.339 -0.00542755243575541 -0.0444562282866109 4.89089411257278 132.784433947166 94.6489942607487 61.0312794584726 322.851736125687 2.3814801765849 1634.51184777081 -163168.054427305 -153808.159179743
34000 0.34 -0.0134202789391806 -0.00165216148182625 4.91810740365522 132.989148367959 94.6400517215909 60.9389477195036 320.70487883045 2.38164205753052 1623.64288442978 -163142.333355558 -153694.858719123
34100 0.341 0.0373903988784125 0.0260311878609411 4.87746310213833 133.150203100629 94.6393601867185 60.8466159805347 322.564154805263 2.38238835148378 1633.05590058876 -163136.764217354 -153621.94907365
34200 0.342 -0.0150394876020711 -0.0185955508537522 4.885006767669 133.336542166656 94.6647815957087 60.7542842415657 321.118489197112 2.38203468589987 1625.73688290965 -163114.248605507 -153748.395619174
34300 0.343 0.0387349666259601 0.0233464199879215 4.97203084503357 133.484644632876 94.6694691352217 60.6619525025968 320.657548092251 2.38289540253954 1623.40326158222 -163096.556226093 -153444.384800765
34400 0.344 0.0384418338129 -0.0168160163369854 5.00884470941661 133.669448791723 94.682687262611 60.5696207636279 321.479300537378 2.38289567118102 1627.56357406377 -163084.943609574 -153434.420831745
34500 0.345 -0.0158931404304066 -0.02871096259725 4.93595525038916 133.893726050557 94.6976832579804 60.4772890246589 322.996889193517 2.38215885190652 1635.24671886661 -163076.743515293 -153638.002336051
34600 0.346 0.0569370718809749 0.0413815497736902 5.00957335794247 134.02161379635 94.6836998467467 60.38495728569 321.566395723606 2.38387670017761 1628.00451365877 -163053.423259519 -153282.334671193
34700 0.347 -0.00779136647759047 -0.00230913685929571 4.91747764987529 134.225807051218 94.719831479078 60.292625546721 322.677138622093 2.3829859318891 1633.62790738492 -163043.021887434 -153583.049476778
34800 0.348 -0.0210831388499362 -0.016839307390844 4.96363614630296 134.446310673577 94.7137027248151 60.2002938077521 322.186322303586 2.38288070210404 1631.14303585439 -163024.613567566 -153537.535762214
34900 0.349 0.0433906487660972 0.00274345297068568 4.99200465240364 134.615455748379 94.6978012988865 60.1079620687831 321.311810616259 2.38394257759606 1626.71561746383 -163003.971534804 -153345.595515301
35000 0.35 -0.0196429540693351 -0.0640710793546146 4.97807148820551 134.785035249986 94.7494363063354 60.0156303298142 320.913391027284 2.38330669102922 1624.69852582176 -162985.816768083 -153556.588221059
35100 0.351 0.01445617596733 0.0480791086658401 4.99658740169938 134.954431303228 94.731188391606 59.9232985908452 322.146493469577 2.38444203096601 1630.94139313798 -162975.846627298 -153281.482178171
35200 0.352 0.00718057287993092 0.0122966259206296 5.04798458579135 135.140721965383 94.7361223990624 59.8309668518763 321.500531232401 2.38470550849193 1627.67105938495 -162955.937010322 -153252.444088567
35300 0.353 0.0475382520971429 -0.0372129974169662 5.05653104460986 135.281257706918 94.767716223646 59.7386351129073 324.581270772079 2.38511471946047 1643.2680183418 -162955.134046487 -153238.394497252
35400 0.354 -0.0106387931522936 -0.0229675867233754 5.01140296200295 135.489455813325 94.7702641749953 59.6463033739384 324.165437150038 2.38507199288755 1641.16276411556 -162936.710707278 -153363.841071144
35500 0.355 0.0259376426044147 -0.0212596796183204 4.9869067994016 135.700986439925 94.7587284359111 59.5539716349695 322.197299836067 2.38533651661794 1631.19861216045 -162910.321916098 -153326.328136996
35600 0.356 0.0470449360477802 0.00423882189145317 5.00463975010277 135.905926992375 94.7637882466625 59.4616398960005 323.043154641579 2.38531051259136 1635.4809484356 -162898.296753949 -153207.425724376
35700 0.357 -0.00336873614531649 0.0119049669283588 4.94881643311166 136.1074102758 94.7744685391025 59.3693081570316 324.347875081209 2.38521481941209 1642.08639848581 -162888.825947865 -153348.081368562
35800 0.358 -0.00483654215716663 0.0183817212400983 4.8922586926765 136.307793082019 94.7685419621117 59.2769764180626 325.478201881767 2.38556737645539 1647.8089402616 -162878.865963064 -153415.687842023
35900 0.359 0.0649011016833376 -0.0278806955191445 4.96576714490622 136.473008405142 94.7571049014852 59.1846446790937 326.220728434835 2.38668455289762 1651.56815327634 -162866.986170493 -153249.276055987
36000 0.36 0.0518190455320334 -0.0473719029058292 4.85338972967531 136.710841978152 94.7811084493781 59.0923129401247 324.114785779542 2.38565085958894 1640.90632979628 -162841.109691705 -153461.52056905
36100 0.361 0.0368058420757242 0.0566357021849509 4.87196823796056 136.89447322003 94.7749721012198 58.9999812011558 326.323707994064 2.38633363183404 1652.08951119641 -162836.874314254 -153276.998277931
36200 0.362 -0.00706529348612187 0.0761360109508168 4.81264677742378 137.105910648335 94.7750065979626 58.9076494621868 324.75286181812 2.38638725337735 1644.13673783853 -162814.137369015 -153395.675025526
36300 0.363 0.0317153798939466 -0.0405885263931624 4.81860421994142 137.292524540408 94.7882879939593 58.8153177232179 327.660791845959 2.38655033033912 1658.85880853274 -162814.254154324 -153496.23432436
36400 0.364 0.0449447173416247 -0.019614901784888 4.74952854366636 137.546763033904 94.7908934633389 58.722985984249 326.608078637905 2.38581900387438 1653.52920358306 -162795.03026738 -153535.541661046
36500 0.365 -0.0130246242870191 -0.010387650106194 4.66737682223231 137.786572373251 94.7658888205508 58.63065424528 326.984236150091 2.38604669285472 1655.43358829436 -162783.301026893 -153731.117090997
36600 0.366 0.0611584720453403 0.0229022127393859 4.67685033251163 137.935082373412 94.7782134091867 58.5383225063111 328.310274337656 2.38692671931883 1662.14696439133 -162776.671958054 -153534.302000497
36700 0.367 0.0224539258367133 0.01296815586216 4.63848806734668 138.181988788424 94.7758525114042 58.4459907673421 327.182939705348 2.38648523482798 1656.43957116179 -162758.112692094 -153658.594424175
36800 0.368 0.00788447670255894 -0.00171952141940394 4.63142968655817 138.424002984291 94.7558525302296 58.3536590283732 325.726306672362 2.38658592244074 1649.06502834891 -162737.841333581 -153703.840672339
36900 0.369 0.0328319018069442 -0.0378643099581667 4.64658640622494 138.608723459654 94.7768725758523 58.2613272894042 328.032163034587 2.38665312481612 1660.73896137013 -162736.599852595 -153684.828473362
37000 0.37 0.0423019496302961 0.0172950659543245 4.63380731555067 138.81772556218 94.7638771563927 58.1689955504353 325.980890173309 2.3871697655727 1650.35391641109 -162713.246775295 -153590.913426466
37100 0.371 0.0065885679783296 0.00889210965139031 4.60623376162089 139.053523472358 94.7598216779205 58.0766638114663 324.377936199697 2.38701265904306 1642.23858987532 -162691.899819791 -153691.329050262
37200 0.372 0.0567941621864567 0.00204299487196693 4.60532108630237 139.266505519442 94.7506004483175 57.9843320724974 327.382255515497 2.38738965346291 1657.44865371171 -162694.119516688 -153611.935609203
37300 0.373 0.023962579537415 -0.0527019039909735 4.5375374134033 139.499370239288 94.7590438673547 57.8920003335284 327.583181596803 2.38699298407988 1658.46588863311 -162682.667639149 -153845.586980751
37400 0.374 0.0136564445345842 -0.0305195067173932 4.46322813869354 139.751523166253 94.7350104616937 57.7996685945595 328.70736032218 2.38709778456741 1664.15730435133 -162676.61900135 -153933.559502805
37500 0.375 0.0221590006213938 0.0935054783993013 4.43702609601818 139.988592948696 94.7167663979119 57.7073368555906 327.750100328301 2.38732788970174 1659.31095345303 -162659.83437657 -153753.042748079
37600 0.376 0.0359435853477318 0.00209545258397022 4.40574206044144 140.184670213429 94.7385900976897 57.6150051166216 329.127338018392 2.38725916383618 1666.2835389149 -162654.903368016 -153914.309753368
37700 0.377 0.00942044282513817 -0.014363869935252 4.41613227785981 140.432896213913 94.7340424503653 57.5226733776527 331.12210793653 2.38697918215566 1676.38252461 -162653.729330763 -153954.098501158
37800 0.378 0.0500126966021333 -0.027045322515345 4.43363990378635 140.655351503991 94.724989170664 57.4303416386837 331.997643323743 2.38726368146785 1680.81512571885 -162647.271380989 -153871.740874524
37900 0.379 0.0361147892072696 0.00741462801986743 4.41609963036309 140.895488864785 94.709966482849 57.3380098997148 330.883130628229 2.38741121130574 1675.17264652028 -162630.75780654 -153856.497974297
38000 0.38 0.0282232915937418 -0.0295920184880365 4.35298503607333 141.171266324062 94.7052287561341 57.2456781607458 331.673551732964 2.38670994645499 1679.17433681912 -162624.676947765 -154016.320810002
38100 0.381 0.0441888628602093 0.00943020380617069 4.35321901634178 141.415671592082 94.6766177137412 57.1533464217769 334.170990400004 2.38715531555181 1691.81819972457 -162627.38749401 -153919.765729344
38200 0.382 0.00885981668810989 0.0110450884495473 4.39469745615558 141.664650262352 94.6675235381636 57.061014682808 333.155536899268 2.38704504874384 1686.67723069113 -162612.664352195 -153897.497960804
38300 0.383 0.0368193004944417 0.0461864567789048 4.29876538544522 141.873294168355 94.6609671876262 56.968682943839 335.57927719491 2.38756303303373 1698.94797848604 -162615.593644333 -153941.940591646
38400 0.384 0.0306669190404561 -0.0268445125880025 4.33512083089962 142.129915780004 94.6653958111954 56.87635120487 336.622866430588 2.38700942828344 1704.2313912079 -162612.065880676 -153999.699146684
38500 0.385 0.0406000392384182 -0.00982100653051183 4.36037569386065 142.32976884495 94.6817792991239 56.7840194659011 336.503870989605 2.38712043051785 1703.62894916918 -162602.715141363 -153908.148785232
38600 0.386 0.0348540800505815 -0.0141225073181459 4.21093125830316 142.5399581264 94.6861786087983 56.6916877269322 335.974905665274 2.38737154318504 1700.95093944231 -162591.979156707 -154154.718490102
38700 0.387 0.0800648086466158 0.0112549344451248 4.25336932250363 142.832075349661 94.6355621435754 56.5993559879632 336.25448343362 2.38765191408994 1702.36636678434 -162585.799756658 -153968.011326686
38800 0.388 0.0199705552418957 0.0210505742546954 4.28716860365813 143.120858987078 94.6169424018432 56.5070242489943 338.797821227363 2.38719740995996 1715.24260467188 -162590.861218304 -153985.146820346
38900 0.389 -0.00419422303932614 -0.0207676144945624 4.27645417316366 143.29292441254 94.6765771926726 56.4146925100253 340.890887629384 2.38672891910473 1725.83923913118 -162593.681063006 -154098.143613674
39000 0.39 0.0867263947256849 0.036773291913106 4.24428090358592 143.47516502253 94.6676690610341 56.3223607710564 339.094791869514 2.38782969346496 1716.74608747442 -162577.243409985 -153908.838188769
39100 0.391 0.0216529125906653 -0.0094415919228177 4.23369688627914 143.774195493283 94.6519372331773 56.2300290320874 340.440489154831 2.38717278438212 1723.55899231662 -162577.007735625 -154093.899291316
39200 0.392 0.0744440205619244 0.00306474005045399 4.2487042034876 143.977169496286 94.6499775860135 56.1376972931185 340.437114160246 2.38777760305131 1723.5419056232 -162569.776688018 -153960.583516169
39300 0.393 0.00561607046272218 0.00812528338405022 4.25389185753759 144.219048154327 94.6411790743592 56.0453655541496 339.933705730195 2.38792202969034 1720.99328360536 -162560.049441169 -154047.051932251
39400 0.394 0.0343117715977065 0.0458100457843512 4.25830962760405 144.428727063352 94.6390012728839 55.9530338151806 340.02357884176 2.38844499495363 1721.44828709214 -162553.052423552 -153928.43525184
39500 0.395 -0.00899154358774451 -0.0206445102053606 4.2168647107468 144.671047574098 94.6645911031361 55.8607020762117 339.842377983528 2.38774000681774 1720.53091569076 -162544.605539088 -154159.527474442
39600 0.396 0.0559089838131135 0.0289672500164076 4.28639426618035 144.835081366015 94.6856012696181 55.7683703372427 338.941272305934 2.38845439172844 1715.96885905202 -162532.170690635 -153860.807891131
39700 0.397 -0.00500141855478627 -0.0306343291779129 4.28345184880822 145.054538283469 94.7209053982717 55.6760385982738 338.488757815392 2.38790544894613 1713.6778994154 -162522.000806958 -154047.810977419
39800 0.398 0.0629295478902784 0.0500185071635351 4.32074300771583 145.255931381224 94.7034184872757 55.5837068593048 338.180495296748 2.38899685360313 1712.11724886728 -162512.336653528 -153747.106207869
39900 0.399 0.0655401483261487 0.0292378611331295 4.32037715624072 145.47153588758 94.7137692299459 55.4913751203359 338.359909625225 2.3891641204883 1713.02557554711 -162504.898674486 -153768.738525064
40000 0.4 0.00362813847725465 -0.0506358466884836 4.28020799980913 145.729332800949 94.7388516637017 55.3990433813669 336.520739598893 2.38828008426377 1703.71435041889 -162486.988965659 -154047.080965834
