# Fix print output for fix def1
100 0.000999999999997333 -0.000104965160968528 -0.000555970514531032 0.119688841385552 108.694391474285 108.69563908625 108.555132275346 216.281505278528 217.615645458823 300.297916346474 2.32724216350251 2484.22052489695 -295056.214831551 -292254.389697148
200 0.00199999999999715 0.00655701375599938 0.00707224799645263 0.252600804646312 108.722184603263 108.724758247024 108.446468479274 216.198952992671 217.533117340574 298.884685198916 2.32835479257901 2472.52954193609 -295044.711924657 -291862.134685587
300 0.00299999999999723 -0.0117582377362894 -0.0148616238130475 0.36435104432765 108.762573222251 108.766746965802 108.337804683203 216.168655278893 217.502841566857 299.119834303164 2.32892524527484 2474.47481760864 -295045.759733437 -291670.76111949
400 0.00399999999999731 0.0130973890041361 0.018185368104855 0.506198265945918 108.785866969883 108.782882541792 108.229140887132 216.114053663555 217.448264016306 299.299520486233 2.33041862416566 2475.96127515536 -295045.343611015 -291137.165502296
500 0.00499999999999739 -0.021181337705218 -0.0247227926568613 0.609570779571086 108.832235324827 108.835859704307 108.12047709106 216.135303536039 217.46953529727 298.772145803418 2.33063185700445 2471.59855753381 -295037.999294531 -291064.544916023
600 0.00599999999999721 0.0232440369305553 0.0250931089550897 0.759603551864656 108.846624320627 108.84575767448 108.011813294989 216.077442833588 217.411700544604 299.792074612023 2.33245602595819 2480.03593902182 -295042.426523771 -290411.364873587
700 0.00699999999999729 -0.0267557867029206 -0.0231373679679336 0.85601685937797 108.901168395795 108.901040125351 107.903149498917 216.089091245514 217.423368270937 298.204115440527 2.33245087222807 2466.89951498491 -295024.107471696 -290411.014985591
800 0.00799999999999737 0.028783628975935 0.0252368565560226 1.00900204548024 108.908072766736 108.915492845984 107.794485702846 216.061062764699 217.395368377224 299.241581361278 2.33434431455534 2475.48197258424 -295026.423890963 -289723.08692392
900 0.00899999999999718 -0.0222182912897786 -0.0155610218725302 1.1081313267833 108.967782612717 108.963676808784 107.685821906775 216.068982580574 217.403305266089 299.811912156928 2.33438671642056 2480.20004550919 -295023.635494533 -289696.134267381
1000 0.00999999999999726 0.0196725551977157 0.0206164617899404 1.25634330701821 108.979068710739 108.982808835424 107.577158110703 216.048491153511 217.382841674677 298.912926027124 2.33609250960934 2472.76316475282 -295007.495168639 -289088.008955731
1100 0.0109999999999973 -0.00949720655000407 -0.0140360369414046 1.35827359304525 109.02651810604 109.031639971822 107.468494314632 216.073738360306 217.408109541376 298.382172493735 2.33639001756945 2468.37249552225 -294993.135409382 -288977.1924643
1200 0.0119999999999972 0.00880841413111626 0.00951884565033244 1.49745528954109 109.053276940134 109.050510887278 107.35983051856 216.061359406986 217.395753961777 298.590991686095 2.33777629897622 2470.09995647158 -294983.588698047 -288487.120121054
1300 0.0129999999999972 -0.00155778953540701 -0.00625097835455852 1.61423622637575 109.091272618045 109.094112550354 107.251166722489 216.075884998907 217.410302364284 299.309906875667 2.33839485126805 2476.04719676989 -294976.908968456 -288234.842098215
1400 0.0139999999999973 0.00275607327788207 0.00478334700072549 1.744932613175 109.124228898188 109.121659877961 107.142502926417 216.102671489774 217.437111386561 299.523683351606 2.3394687819574 2477.81566694687 -294964.65194289 -287835.117802327
1500 0.0149999999999974 -0.00283580440187287 -0.00151677571182055 1.86159275991187 109.158526001587 109.157674967872 107.033839130346 216.089349411323 217.423812366075 298.510729431469 2.34033566390191 2469.43598536334 -294940.752122667 -287543.329732221
1600 0.0159999999999972 -0.00129421263338963 -0.00413892992192856 1.98762924991887 109.191666693208 109.196094541254 106.925175334275 216.093547845561 217.428034449261 298.816704393003 2.34117900742831 2471.96716935821 -294926.538765985 -287196.922723347
1700 0.0169999999999973 0.00614924281469171 0.00650539501767356 2.11547693606321 109.226852934432 109.222439909189 106.816511538203 216.089242209921 217.423750579882 298.776349497173 2.34224061785403 2471.63333267456 -294908.27146277 -286794.463181541
1800 0.0179999999999974 -0.00492671562649354 -0.00745107970412057 2.2311081491106 109.263875578467 109.264440157945 106.707847742132 216.110078505267 217.444609798275 300.095826538482 2.34293039835064 2482.54873291452 -294900.252789967 -286537.06236142
1900 0.0189999999999972 0.00934561198361685 0.00393267800077968 2.36169777385752 109.289872766541 109.297412078174 106.59918394606 216.11282166015 217.447378067869 299.053009236959 2.34405346929054 2473.92200591063 -294871.894501316 -286106.224721246
2000 0.0199999999999973 -0.00829365618554031 -0.0043903450348331 2.47885881688214 109.336803112414 109.331020274431 106.490520149989 216.14671701659 217.481292607643 299.243591028164 2.34471721778566 2475.49859759379 -294853.076446305 -285846.077308977
2100 0.0209999999999974 0.00759650177972581 0.00699711426273816 2.60980563284789 109.36127281326 109.364502202696 106.381856353918 216.143652962123 217.478254162717 297.858120197217 2.34586865408658 2464.03726240786 -294820.56447893 -285409.391330068
2200 0.0219999999999974 -0.00826335036687421 -0.0078284456209675 2.72127585323745 109.402322887103 109.40825250416 106.273192557846 216.218637542674 217.553260704317 298.9921129856 2.34644749749667 2473.41824045212 -294808.213573254 -285175.577789672
2300 0.0229999999999972 0.00320544630249861 0.00712399926103349 2.8530904405104 109.436264856228 109.431667550725 106.164528761775 216.221525871327 217.556170847659 299.17228963382 2.34761825515039 2474.90875538164 -294787.165235161 -284738.050003913
2400 0.0239999999999973 -0.0040431899694331 -0.00463368306561799 2.96182014508693 109.475343976011 109.47621681458 106.055864965703 216.2758396217 217.610507212184 298.809121440622 2.348228764071 2471.90443923283 -294760.771298704 -284479.358484966
2500 0.0249999999999974 0.0093597129729217 0.004585628616787 3.09546941069187 109.501341386798 109.509587739954 105.947201169632 216.319564355798 217.654257110261 298.884962657292 2.34936298299526 2472.53183721606 -294737.038456881 -284045.712259766
2600 0.0259999999999972 -0.011255069297848 -0.00519118860728723 3.20883356840632 109.549623280418 109.544103275997 105.83853737356 216.369298904243 217.70401055901 298.16624862228 2.34999788140551 2466.58626097288 -294705.693071423 -283803.279392091
2700 0.0269999999999973 0.00635070331976392 0.00401213270249527 3.33579043463004 109.575768400597 109.580997661897 105.729873577489 216.401503615239 217.736240772419 298.365457950792 2.351059961281 2468.23422413113 -294680.875236117 -283374.484142367
2800 0.0279999999999974 -0.00284429147518238 -0.00789325943467662 3.45134335732844 109.614014361115 109.622682836851 105.621209781418 216.418721777556 217.753481484442 297.549329475544 2.35176296077536 2461.48278498087 -294646.505183568 -283100.10562818
2900 0.0289999999999975 -0.00394411919818591 0.011157326029017 3.57943553259045 109.656487563835 109.646022331097 105.512545985346 216.490600644754 217.82537971947 298.247838805738 2.35277219335328 2467.26121739895 -294623.518354301 -282689.776556845
3000 0.0299999999999973 -0.00141316671338706 -0.0061050867141062 3.68826540426602 109.687739912306 109.695220320828 105.403882189275 216.531936560925 217.866740999498 296.98860358928 2.35347068781026 2456.8441688611 -294583.163905305 -282414.362260448
3100 0.0309999999999974 0.00777467187352055 3.49295391208436e-05 3.81034119986175 109.72350671052 109.727671977723 105.295218393203 216.558681411085 217.893508121149 297.847526929772 2.35443496906296 2463.94962939084 -294559.190131984 -282024.858178231
3200 0.0319999999999974 -0.00833489635223914 0.00292259155778325 3.92806550396808 109.768602060311 109.759190025677 105.186554597132 216.61449825817 217.949344466736 296.756116882561 2.35522247248421 2454.92091792541 -294517.881585651 -281720.412347012
3300 0.0329999999999973 0.00356701505808483 -0.00556707378190497 4.04416696551492 109.798220252192 109.807342574448 105.077890801061 216.668368292671 218.003240224462 297.328062262862 2.35598849104069 2459.65234753422 -294489.249202983 -281375.401426195
3400 0.0339999999999973 0.00372118734616291 0.00582614878244064 4.16552598934447 109.835402053497 109.838138996442 104.969227004989 216.71530303691 218.050196660106 297.65551730913 2.3569679886619 2462.36122596007 -294457.436376706 -280995.143053098
3500 0.0349999999999974 -0.0089226181168463 -0.0024085891804726 4.27839309444037 109.882186341488 109.876189915917 104.860563208918 216.791242825324 218.126156168411 297.116910915014 2.35758914871168 2457.90559378193 -294417.364180528 -280720.129204401
3600 0.0359999999999972 0.0101880030986255 0.00458148240679418 4.40166708767279 109.907719665147 109.915712080609 104.751899412846 216.85477586694 218.189715179916 297.592368230627 2.35863811105765 2461.83882394392 -294384.640701704 -280295.196951388
3700 0.0369999999999973 -0.00870106977977274 -0.00340201601281516 4.50591566189449 109.958111118791 109.954572161719 104.643235616775 216.939895492184 218.274853580482 295.966095816669 2.35917126418984 2448.38545284172 -294333.495946172 -280056.463619014
3800 0.0379999999999974 0.00282735013425904 0.00401014244124436 4.63407347073336 109.989102851557 109.987595645599 104.534571820703 217.01297442401 218.347956221634 296.672054682165 2.36024931683118 2454.22551168973 -294300.669660274 -279636.18343623
3900 0.0389999999999975 -0.00375758146222355 -0.0089679628250754 4.73511006251895 110.029930627509 110.037854122347 104.425908024632 217.096373237117 218.431377778233 296.019837397854 2.36074990750271 2448.83003114797 -294255.60962863 -279384.796148215
4000 0.0399999999999973 0.00615295692101072 0.01659315548843 4.85678802371311 110.06954123403 110.060502096479 104.317244228561 217.165356181881 218.500380849443 295.7252524285 2.36187245629599 2446.39307109144 -294212.475958205 -278936.826032971
4100 0.0409999999999974 -0.00478821098050075 -0.010532960826116 4.96500527253502 110.109619442141 110.114429210075 104.208580432489 217.254586580818 218.589634603233 296.641222241394 2.36231724278893 2453.97044970619 -294178.352437509 -278713.13732253
4200 0.0419999999999974 0.0130887070613155 0.0123024067180877 5.08541173156726 110.143267139538 110.145375136921 104.099916636418 217.320245646917 218.655316398648 295.697215716333 2.36339651353472 2446.16113682875 -294127.822752876 -278253.018916565
4300 0.0429999999999973 -0.00487608406452043 -0.00254186490239548 5.18780505028617 110.192447157137 110.189514004336 103.991252840346 217.41331921842 218.748409667009 295.84799975287 2.36386291463349 2447.40850078967 -294085.276902974 -278029.078565304
4400 0.0439999999999973 0.00876449241027095 0.00516025248401437 5.30668713906728 110.222538272664 110.227418740727 103.882589044275 217.467207687505 218.802322634704 295.495761805539 2.3648760496248 2444.49460531862 -294037.568385077 -277621.903740995
4500 0.0449999999999974 -0.00301584834291543 -0.00459766769682168 5.40777239656932 110.270473731234 110.270530218673 103.773925248204 217.576736775632 218.911871668308 294.766844906907 2.36539811245268 2438.46462568188 -293985.681333013 -277370.297223348
4600 0.0459999999999975 0.00498224310248818 0.0117722564439889 5.52989868100574 110.308851632562 110.302844634989 103.665261452132 217.659953041986 218.995109459976 295.940170503343 2.36636029552646 2448.17098516821 -293948.555092087 -276944.797166143
4700 0.0469999999999973 0.0037098197022893 -0.00646399688907489 5.62337928874254 110.34752918273 110.357002054715 103.556597656061 217.766739750655 219.101919956554 294.510056715132 2.36685096791221 2436.34034022456 -293888.830029558 -276705.842576021
4800 0.0479999999999974 0.00546585106939761 0.0116108879220549 5.74151948567148 110.389882415169 110.38505740961 103.447933859989 217.847627859895 219.182827996493 294.827707303117 2.36782615616938 2438.96811107298 -293842.541598303 -276301.158640856
4900 0.0489999999999975 0.00145784080270479 0.00350181707220892 5.84247821914343 110.433637833108 110.432025288969 103.339270063918 217.964221200702 219.299442899779 294.721257306968 2.36836910971687 2438.08750134873 -293791.718919787 -276021.737357428
5000 0.0499999999999973 0.00297014313168062 0.00157210681176629 5.95529027370595 110.470650305198 110.475009237831 103.230606267846 218.092682107193 219.427926874021 295.213824923734 2.36914563480967 2442.16227681956 -293744.886959768 -275681.255414266
5100 0.0509999999999974 0.000587963357756916 0.00223102203101125 6.05732340002096 110.516287813539 110.515173955546 103.121942471775 218.217889366125 219.553154427347 294.613279617829 2.36980116071714 2437.19425375363 -293687.940789947 -275370.746410653
5200 0.0519999999999975 0.00314531598463716 0.00129096517289005 6.16181104320087 110.556558721863 110.558273930664 103.013278675704 218.331420444272 219.666707654304 295.080446154991 2.37051234612567 2441.05889828491 -293638.900391838 -275044.651560511
5300 0.0529999999999973 -0.00158281793129346 0.00116858328589058 6.26290378863147 110.60091054836 110.601064869202 102.904614879632 218.445856318538 219.781164475964 294.307770967196 2.37114619097644 2434.66692732503 -293578.585089408 -274742.996101866
5400 0.0539999999999974 0.00434682483839251 0.00163971773171715 6.36406220403743 110.640136807135 110.643890057786 102.795951083561 218.562386017485 219.897716595844 293.472054122315 2.37189272857887 2427.75344299482 -293516.720920345 -274411.607874936
5500 0.0549999999999974 -0.000328965123631261 0.000749424407427786 6.46924322303459 110.68642270653 110.686197944673 102.687287287489 218.671574008313 220.006924930322 294.341600011138 2.3725025657443 2434.9467787683 -293468.036112081 -274099.282734288
5600 0.0559999999999975 0.00277334377138043 -0.000716565227782658 6.56719516132473 110.727411005267 110.731812388696 102.578623491418 218.807162709949 220.142535850084 294.426473301739 2.37315865037242 2435.64889476394 -293411.905371181 -273786.539488067
5700 0.0569999999999973 -0.000430815797232808 0.00432859917616732 6.66896503490087 110.773615586245 110.772702700171 102.469959695347 218.916641304777 220.252034661896 294.790789233239 2.37380775790614 2438.66270560083 -293357.112946632 -273462.389960275
5800 0.0579999999999974 0.000479792278606242 0.00234782126520429 6.76501595757946 110.816533083007 110.815491652608 102.361295899275 219.044658840372 220.380073561544 293.120967351615 2.37449019834225 2424.8490706555 -293284.471868569 -273160.183356876
5900 0.0589999999999975 0.00138096625171111 -0.00471012620354398 6.86758102726069 110.859771244652 110.864014446393 102.252632103204 219.180772550719 220.516209161457 293.67298350649 2.37504650896665 2429.41563534798 -293229.336183408 -272852.556461189
6000 0.0599999999999973 -0.00202339812669379 -0.00344393435659594 6.96205931058726 110.905135682777 110.906238453398 102.143968307132 219.30476263562 220.640219850964 293.387858360778 2.37569582115966 2427.05693187192 -293166.235433825 -272555.351997918
6100 0.0609999999999974 0.00268140134740915 0.00668610655099458 7.05522134350582 110.950653746475 110.949141495914 102.035304511061 219.445694191351 220.781172041454 293.185421818945 2.3763309081255 2425.38227152685 -293102.935310374 -272216.368819344
6200 0.0619999999999975 0.00363090360782408 0.000508217699683773 7.15373991340038 110.992986305574 110.998377039904 101.926640714989 219.58868607255 220.924186151838 294.250478487942 2.37690222439191 2434.19297414342 -293049.196560762 -271914.529410223
6300 0.0629999999999975 -0.00321246265801094 -0.000474867372859411 7.24846564613655 111.040922836231 111.040755229194 101.817976918918 219.744493510805 221.080013477931 293.555094488005 2.37750402256117 2428.44039608245 -292979.98060636 -271628.82637119
6400 0.0639999999999974 -0.00324084588984854 -0.00297319444569977 7.33145600068718 111.088384538484 111.08803538336 101.709313122847 219.923162950371 221.258703469419 292.206738682846 2.37801469722343 2417.28609569038 -292904.420569614 -271358.365536639
6500 0.0649999999999974 0.00242059923366518 0.00324317424009058 7.42699981473783 111.129657592453 111.131820390193 101.600649326775 220.081494164256 221.417056633803 292.008872102534 2.37873632833395 2415.64924044349 -292837.442703079 -271018.397226311
6600 0.0659999999999975 -0.00579251028889859 -0.00835957022795531 7.51071459789732 111.179501896318 111.182072708335 101.491985530704 220.225346909003 221.560929569722 291.524341759812 2.3791397566658 2411.6409534831 -292767.19660918 -270788.666086233
6700 0.0669999999999973 6.17485965583861e-05 0.00508588736417448 7.61107914545079 111.22462052992 111.221164703035 101.383321734632 220.394721232858 221.730324240361 292.889030484883 2.37988682909923 2422.93036828211 -292711.377853826 -270415.460743027
6800 0.0679999999999974 -0.00490814867191379 -0.00907698464249123 7.68761375388474 111.273811405368 111.275785533118 101.274657938561 220.562213654751 221.897837512582 291.551406134778 2.38021822135901 2411.86484406683 -292632.300760494 -270200.458532847
6900 0.0689999999999975 0.00333144107404145 0.0125966687892217 7.7808323688667 111.318205856212 111.315577782126 101.165994142489 220.723169420498 222.058813910234 293.00435348122 2.38097314346349 2423.88438007807 -292575.482752851 -269816.82778937
7000 0.0699999999999976 0.00238639751953266 -0.00841282317281871 7.86345039133882 111.364422880458 111.372883032758 101.057330346418 220.896596255303 222.232262738249 292.428834064109 2.3813182439823 2419.12338417819 -292500.949783333 -269591.808910158
7100 0.0709999999999974 -0.00562836224816195 0.00858026502146432 7.94661292310682 111.419013763693 111.4101111941 100.948666550347 221.061423807726 222.397107728458 291.534848220689 2.38191735653743 2411.72786839103 -292422.971137463 -269286.161755541
7200 0.0719999999999975 0.000563896873572522 0.00194662056645317 8.02568097662223 111.46321865846 111.463256591218 100.840002754275 221.23708505906 222.572791104767 290.879602894345 2.38240195671648 2406.30733831094 -292346.10759047 -269013.990764395
7300 0.0729999999999976 0.00630977715179596 -0.000343377011101896 8.10508531838622 111.508845038864 111.512172391646 100.731338958204 221.408175489599 222.743902799694 290.160588865344 2.38295034311246 2400.35928036148 -292267.852638069 -268730.570648075
7400 0.0739999999999974 -0.00423310642045072 0.00507521787273199 8.18011417857981 111.56589213617 111.557384079281 100.622675162132 221.604105819783 222.93985072588 290.423927307594 2.3833376269009 2402.53775289698 -292196.920606128 -268478.757225857
7500 0.0749999999999975 0.00679909274576893 -0.00239483725033414 8.26189936896642 111.60472645074 111.612344475109 100.514011366061 221.781001400998 223.116770169167 289.840513523195 2.38390952997058 2397.71145068569 -292118.160747084 -268187.616681531
7600 0.0759999999999975 -0.00209956065511561 -0.00079627180246117 8.33886787984171 111.662922779409 111.658067893443 100.40534756999 221.981141549454 223.316927641966 290.608914858022 2.38426898515689 2404.06806611132 -292049.772896172 -267934.66713533
7700 0.0769999999999976 0.00164453478933915 0.00205282602957231 8.41940890451071 111.709296211945 111.706366336468 100.296683773918 222.177314799531 223.51312188098 290.081275677624 2.38482974008353 2399.70316042822 -291969.9029161 -267637.379374114
7800 0.0779999999999974 0.00185938433151875 -0.00347930724140955 8.49066432562801 111.755076992967 111.763492170784 100.188019977847 222.408873199816 223.744702389944 290.443775079507 2.38521852787406 2402.70194398749 -291896.554937914 -267392.940136259
7900 0.0789999999999975 0.0029633315383309 0.0030214675213646 8.56173240470545 111.810478752773 111.806793777068 100.079356181775 222.60498418065 223.940831239104 289.814878124909 2.38570087469033 2397.49938134015 -291814.237400999 -267115.513264523
8000 0.0799999999999976 -0.00354133801634794 -0.000391486739933688 8.63663860318309 111.862556581323 111.859407777123 99.9706923857039 222.82670714973 224.162574030766 291.060213935896 2.38605932201129 2407.80144676798 -291746.666009949 -266871.854296374
8100 0.0809999999999974 0.0127947237547846 -0.00151775948253084 8.70814059418723 111.902656782301 111.914999896243 99.8620285896325 223.03272729463 224.368617750217 289.632608320626 2.38661361044769 2395.9915507352 -291656.168884316 -266572.766057745
8200 0.0819999999999975 -0.00295599807783767 0.000808541982898354 8.76697371575281 111.966981988148 111.959692374043 99.7533647935611 223.249898971016 224.585804892426 288.044219548858 2.38688761359053 2382.85157282143 -291563.634653455 -266377.839005084
8300 0.0829999999999976 -0.00531484946174036 0.00372610437633436 8.84266991200654 112.015430052934 112.011531151137 99.6447009974897 223.434067933633 224.769994637693 288.87944255775 2.38735168560182 2389.76097188354 -291490.424758638 -266103.802885391
8400 0.0839999999999974 0.00894445140969996 -0.00605448229028401 8.90508140484314 112.05737253611 112.073032142265 99.5360372014183 223.657315133049 224.993265522753 288.666395009375 2.38775239803184 2387.99853177442 -291407.769575366 -265852.808098804
8500 0.0849999999999975 -0.00200143387576723 0.0118859790060329 8.97089066104327 112.122536289913 112.112329892885 99.4273734053468 223.877586910205 225.21355194968 289.237573252839 2.38813533923274 2392.72361522838 -291330.902871418 -265585.620589828
8600 0.0859999999999975 0.00349474194250338 -0.000432382895463996 9.03347142330393 112.169853320723 112.172042435118 99.3187096092754 224.085684605996 225.421671602102 288.578145926378 2.3884675503823 2387.2684894686 -291243.16717563 -265361.620198196
8700 0.0869999999999976 0.00826692516391045 0.00183320976081031 9.09577617724593 112.219647895753 112.226810697852 99.210045813204 224.318777104758 225.654784817744 289.22904629177 2.3888562692352 2392.65307577224 -291165.571289206 -265102.206957386
8800 0.0879999999999974 -0.00319979576490234 0.00470394225744504 9.15808319852595 112.281930047282 112.271106447027 99.1013820171326 224.540666430303 225.87669015953 288.886878041835 2.38920607521953 2389.82248207449 -291079.048075548 -264882.378685404
8900 0.0889999999999975 0.00450042753544358 -0.0037390394275418 9.21386917532769 112.327077415923 112.33295425493 98.9927182210612 224.79566553476 226.131712075238 287.976235158971 2.38955099835228 2382.28917059506 -290987.155769158 -264658.412963217
9000 0.0899999999999976 0.00705091221752208 -0.00390620983381309 9.27191367864877 112.379292892479 112.387741236051 98.8840544249897 225.037922620859 226.373989190729 288.00600352191 2.38989978591423 2382.53542997343 -290902.397504223 -264419.889810526
9100 0.0909999999999974 -0.0039256118517363 0.00566786418014104 9.3253621659565 112.445981060279 112.431799516272 98.7753906289183 225.313950854344 226.650032157156 287.796468165643 2.3901730086486 2380.80204454385 -290815.023727174 -264201.785247758
9200 0.0919999999999975 0.00450051884654183 0.00144238866895997 9.38405828615897 112.486653375086 112.494700583332 98.6667268328469 225.565725768292 226.901831280808 287.273809609941 2.39060273415621 2376.47834117825 -290724.380421978 -263956.440951285
9300 0.0929999999999976 0.000321811736089981 -0.00764975056109719 9.42879734325628 112.545490009867 112.553870122629 98.5580630367755 225.849379495627 227.185503616434 287.842911307188 2.39072985283703 2381.18624636206 -290642.165006808 -263789.077103472
9400 0.0939999999999974 -0.00177146928156188 0.0120069758863479 9.48485936916464 112.607977429641 112.591663559975 98.4493992407041 226.089390531927 227.425529919218 287.055259106341 2.39123758876693 2374.67037776187 -290548.090321102 -263515.515748504
9500 0.0949999999999975 0.00247394256645565 -0.0117549613394885 9.53033112270817 112.65298568877 112.667776422377 98.3407354446327 226.397061079683 227.733224858938 286.983048431002 2.39130687067034 2374.07301350448 -290459.355169961 -263360.690928803
9600 0.0959999999999975 0.0126419853825532 0.0069021763212231 9.57570653698592 112.710604362334 112.711053129873 98.2320716485612 226.632338393913 227.96851942583 285.601101345809 2.39180959619704 2362.64082857584 -290359.222045069 -263084.540595281
9700 0.0969999999999976 -0.0147158323606189 0.00923793671854328 9.62378602806233 112.779934749554 112.763468782019 98.1234078524898 226.891048932107 228.227244846905 287.242692366778 2.39187403511443 2376.22092316122 -290283.534541438 -262936.082005458
9800 0.0979999999999975 0.0166207568241057 -0.0048055701973809 9.67428785420272 112.809378205265 112.837422333091 98.0147440564184 227.154287178386 228.490511713536 286.369414348053 2.3923318439601 2368.99671326842 -290186.426930011 -262675.000498427
9900 0.0989999999999975 -0.00609702879307586 -0.000582096198433305 9.71080386790128 112.887312574234 112.882690017913 97.906080260347 227.419575407048 228.755811595865 287.075950339509 2.392373842128 2374.84154640249 -290101.891078056 -262538.282683743
10000 0.0999999999999976 0.00506708847030031 0.0155549778222087 9.75988192830493 112.943773395474 112.929541850023 97.7974164642756 227.673423121122 229.009677283728 286.521582518817 2.39284160772923 2370.25552750745 -290006.324095309 -262254.008696887
10100 0.100999999999997 0.00757170922764185 -0.00530479059271524 9.79442889506989 112.988069918531 113.006536719028 97.6887526682042 227.958416493042 229.294695353811 286.384850877512 2.39293263947842 2369.12441226741 -289913.690827013 -262121.453219121
10200 0.101999999999998 0.00519217914861865 0.0044614786451682 9.8282748493954 113.051532712007 113.055506048031 97.5800888721327 228.230244515487 229.566539575508 284.979325850986 2.39321552223854 2357.49717834706 -289810.086928469 -261925.492530649
10300 0.102999999999998 -0.00562768495855981 0.00734328127044152 9.862754202625 113.116280471407 113.108327919206 97.4714250760613 228.537937000227 229.874248307141 284.426685162108 2.39339389711194 2352.92544718454 -289712.960069632 -261765.976645751
10400 0.103999999999998 0.00769194529880534 0.00194040571215614 9.90543976776405 113.163718343795 113.175237119986 97.3627612799899 228.823989032396 230.160323057739 285.68829229668 2.39364471287473 2363.36211746247 -289630.419545377 -261544.403793326
10500 0.104999999999997 0.00194740047672664 -7.36797025033563e-05 9.94428041953659 113.226417358845 113.229334600421 97.2540974839185 229.136010909449 230.472361908071 285.524959383826 2.39384796355808 2362.01094267098 -289535.61876555 -261372.508995457
10600 0.105999999999998 -0.00156942189782101 0.00914234962493489 9.9712888382528 113.288374657481 113.283973068719 97.1454336878471 229.485408138499 230.821776382284 285.255810355147 2.39405974217906 2359.78440194291 -289439.421707768 -261195.982220626
10700 0.106999999999998 0.00567629582686421 -0.0032221647873905 10.0050490930193 113.341484486436 113.34879556542 97.0367698917756 229.835228108875 231.171617226844 284.885112970767 2.39424757136152 2356.71780040933 -289341.954855684 -261029.326774454
10800 0.107999999999997 -0.00427306935930791 0.00339948201850366 10.0293030766702 113.406519822591 113.404714586795 96.9281060957042 230.149431110821 231.485836733162 284.538920239536 2.39437590348019 2353.85391410949 -289244.287571381 -260881.64215014
10900 0.108999999999998 0.00696635543473558 0.00571808569911402 10.0599201312562 113.459297336141 113.464011252036 96.8194422996328 230.472167401803 231.808593402066 284.566243762156 2.39469602913457 2354.07994849737 -289149.230187986 -260675.282591866
11000 0.109999999999998 -0.000809603657595478 0.0022693374153336 10.0808653253071 113.521139179906 113.526214582091 96.7107785035614 230.791658276345 232.1281023735 283.893797023573 2.39476783549822 2348.51711939016 -289047.997283302 -260555.189698291
11100 0.110999999999998 0.00111603854014597 0.00674963600285647 10.1116929026784 113.580306824494 113.58097761062 96.60211470749 231.096705867618 232.433168028704 283.939528875947 2.39505736441124 2348.89543705447 -288952.272397291 -260365.709098234
11200 0.111999999999998 -0.00251790695910688 -0.00551658714644547 10.1307414251571 113.642293805355 113.645130183424 96.4934509114186 231.413093576237 232.749574004975 282.946613748582 2.39509383723965 2340.68152678533 -288847.565122508 -260261.452457823
11300 0.112999999999998 0.00803979405743349 0.00448125626725087 10.1438788604699 113.696788426569 113.70590081088 96.3847871153471 231.711422664339 233.047923143204 282.476850306773 2.39536390080527 2336.79539930836 -288746.900497003 -260080.286080769
11400 0.113999999999998 0.0025557746022115 0.0028819410808615 10.1755686488007 113.762293164375 113.764277291733 96.2761233192757 232.020956371305 233.357473492672 284.295440712747 2.39545683109175 2351.8397248497 -288664.720003854 -259920.294524219
11500 0.114999999999997 -0.00120268073964781 0.00322058321451526 10.1940535770375 113.825758104429 113.820516709433 96.1674595232043 232.35001093591 233.686545055318 283.661560274603 2.39564214993266 2346.59593623496 -288561.95278598 -259785.761923173
11600 0.115999999999998 0.00142997324118985 0.00200907003631564 10.2054327820277 113.881372482656 113.887835091111 96.0587957271329 232.699291138679 234.035845695647 283.495048831948 2.39576394992743 2345.21846699206 -288462.705100916 -259656.056841897
11700 0.116999999999998 0.00698617845680639 0.00949243708601381 10.222949236642 113.94090708473 113.947153319233 95.9501319310615 233.042220732529 234.378793746244 282.796579426588 2.39597600617661 2339.44036485296 -288358.726454418 -259481.003956946
11800 0.117999999999997 0.00107227389845344 0.00973815291531403 10.237569748708 114.004057399995 114.006977097669 95.8414681349901 233.378250591527 234.714841082817 282.55421131504 2.39610583591301 2337.43536979801 -288258.168820568 -259360.688117862
11900 0.118999999999998 0.00665742820321156 0.000740581217408391 10.246778952255 114.065704170205 114.070743684081 95.7328043389186 233.745944128126 235.082552952612 282.724430905245 2.39618890769518 2338.84351476575 -288160.762749389 -259247.772068849
12000 0.119999999999998 0.00451613678092844 0.00358538250282526 10.2692840877529 114.126646363723 114.129148480598 95.6241405428472 234.141742803477 235.478369587752 283.268162801892 2.39640388999774 2343.3415477662 -288066.133627282 -259090.888068858
12100 0.120999999999998 0.00573994464374992 -0.00740055638119437 10.2721698631399 114.187854513603 114.197134667116 95.5154767467758 234.532351927186 235.868997626609 282.064402032969 2.39641663392191 2333.38341270617 -287956.804926183 -259009.477811176
12200 0.121999999999998 0.00660949900223215 0.0083288377601086 10.2846059902941 114.247693691327 114.25112963582 95.4068129507044 234.883232720879 236.21989622441 281.217970568141 2.39675620405109 2326.38129146794 -287850.09279382 -258838.310582453
12300 0.122999999999998 0.00167163246522295 -0.00331040211742243 10.2809517856083 114.311882112593 114.319948175874 95.298149154633 235.273621326188 236.610302984197 281.436587949786 2.39669810802731 2328.18980813429 -287752.013746941 -258790.195350566
12400 0.123999999999998 0.00632963586761623 0.01725015768365 10.2928594225676 114.374761363563 114.37145911303 95.1894853585615 235.617945623423 236.954643951202 281.694115528971 2.39703486998353 2330.32021018876 -287653.956115358 -258597.568891235
12500 0.124999999999998 0.000822183118143034 -0.00990516289403891 10.3001428581504 114.432555766108 114.449849397174 95.0808215624901 236.02191005489 237.358629398889 282.20088718246 2.39691947692511 2334.51248883775 -287557.795037879 -258561.680497167
12600 0.125999999999998 0.00798315390480991 0.0107389425235776 10.3055942931439 114.496630955478 114.500480889714 94.9721577664187 236.36224469779 237.698980277519 281.946101697852 2.39725851295858 2332.40477081556 -287455.063033114 -258378.679623057
12700 0.126999999999998 -0.00079375120678287 0.010154602692821 10.2928657627941 114.56688572146 114.559039641884 94.8634939703473 236.7371140361 238.073864936893 279.894394042285 2.39730673172276 2315.43197815999 -287337.270463505 -258335.617690782
12800 0.127999999999998 0.00372516234367209 0.00147295873913315 10.3028109013753 114.617748526377 114.632558538151 94.7548301742759 237.095240060851 238.432013441806 280.132392363775 2.39745230892279 2317.40082403921 -287238.253214358 -258221.274560202
12900 0.128999999999998 0.00834471887436804 0.00478931498010014 10.3015402072689 114.683923854474 114.690294624435 94.6461663782045 237.485830983653 238.822620767415 280.577119127722 2.39761227595599 2321.07983509732 -287140.749267209 -258104.610028698
13000 0.129999999999998 0.00155464122610064 0.0136064452723232 10.3102285035924 114.754795084992 114.743526076313 94.537502582133 237.882906227176 239.219710587142 281.509064209177 2.39777282916959 2328.78936944106 -287047.113121839 -257977.302220223
13100 0.130999999999998 0.00593675611458402 0.000990889494948911 10.2936635248221 114.80760669969 114.819881433624 94.4288387860616 238.287682885631 239.624509477101 280.321426640147 2.39783219191659 2318.96461387493 -286935.762915932 -257940.660937047
13200 0.131999999999998 0.0117840022095728 0.00473945565938867 10.2881976998147 114.868625960624 114.88157700867 94.3201749899902 238.675636776521 240.012481676105 280.461259065046 2.39803093203382 2320.12138040934 -286835.305240305 -257830.562495733
13300 0.132999999999998 -0.00214235956886112 0.00137689370690819 10.2889683011772 114.941702010599 114.936622355818 94.2115111939188 239.098084812746 240.434943857004 279.834803592237 2.39812142497117 2314.93901496897 -286728.351760201 -257772.571780084
13400 0.133999999999998 0.00237162845503484 0.00225619774683439 10.2699695677458 115.002985914875 115.001321255744 94.1028473978474 239.544200203687 240.881077806079 278.960672475911 2.39826120480375 2307.70774780919 -286619.248520828 -257707.481166299
13500 0.134999999999998 0.00272463888538631 0.0075711226809802 10.2759004741928 115.061529091158 115.065735613425 93.9941836017759 239.978129122751 241.315026038232 280.783136420078 2.39846869135945 2322.78411727277 -286532.344928688 -257577.77233342
13600 0.135999999999998 0.001383737727 0.00776088144538553 10.2503683159475 115.123518565459 115.135011183388 93.8855198057045 240.435988635697 241.772904402288 280.708184162266 2.39850769458441 2322.16407321949 -286429.706296579 -257545.27090274
13700 0.136999999999998 0.0113131261364394 0.00510710625092371 10.2376057355578 115.18652876989 115.190216513419 93.7768560096331 240.828874398603 242.165807212793 279.570213845245 2.3988231958089 2312.75019098994 -286318.215466975 -257460.891613274
13800 0.137999999999998 -0.00332313638615248 -0.00142097487718713 10.2339078474723 115.261674319828 115.248940569695 93.6681922135617 241.264455652815 242.601402422453 279.386001530774 2.39881739281042 2311.22629093057 -286214.490571698 -257422.987362215
13900 0.138999999999998 0.00762008679086647 0.00290692692345321 10.2114044735766 115.312625113515 115.317463408811 93.5595284174903 241.674558474025 243.011527176174 279.112051706626 2.3991159018205 2308.96003552587 -286110.028714636 -257342.806380222
14000 0.139999999999998 0.00874260514511469 -0.00320841691430465 10.1952923643409 115.372478514245 115.385725349322 93.4508646214189 242.087019140969 243.424007201937 279.005659388594 2.39923927632939 2308.07990294499 -286006.90788508 -257296.551050776
14100 0.140999999999998 0.00721796118659677 0.0146891371058345 10.1734404953313 115.436577616395 115.440929307989 93.3422008253474 242.504438340677 243.841443143153 278.726745465269 2.39955053124917 2305.77258193046 -285902.318700939 -257211.872997822
14200 0.141999999999998 0.00834516372310093 0.00657649553927857 10.1492572155651 115.498679225094 115.506132450573 93.2335370292761 242.899790032826 244.236813224827 277.47029463445 2.39970011594451 2295.37856727855 -285789.677655514 -257191.927555114
14300 0.142999999999998 -0.000592303774229522 0.00216528429895882 10.1308149024287 115.559151737344 115.568968082315 93.1248732332046 243.329281251189 244.666323045568 277.524639028182 2.39993742380642 2295.82813236367 -285687.903304456 -257174.563499705
14400 0.143999999999998 -0.00380816115510606 -0.00429525271755785 10.0930766191206 115.624709162605 115.625950093764 93.0162094371332 243.755596813963 245.092655128062 276.584858534846 2.4001953404038 2288.05377941828 -285578.05750639 -257197.981395512
14500 0.144999999999998 -0.00597991418575193 0.00547281365035965 10.0816123428264 115.685001014922 115.684525431342 92.9075456410618 244.195422991581 245.532499504402 278.249523730803 2.40053411269786 2301.82475557819 -285489.811774712 -257109.652741223
14600 0.145999999999998 -0.000182204200558989 -0.0070081930552706 10.0326729603898 115.733058837791 115.759568919001 92.7988818449904 244.599286923955 245.936386907238 278.677802226093 2.4007896902011 2305.36769800454 -285391.48864699 -257154.435215663
14700 0.146999999999998 0.0105131047733747 0.0110670972958825 9.97209403003892 115.793614837053 115.802575939164 92.690218048919 245.039930771851 246.377047206895 278.158957780202 2.40145502524957 2301.07554693872 -285285.610361331 -257142.285496194
14800 0.147999999999998 -0.0112692888456628 -0.00151647443054537 9.9035240102707 115.855092855865 115.846608002036 92.5815542528475 245.48561613974 246.822748874385 278.920922087859 2.40208446282246 2307.37891192823 -285190.721675274 -257313.973466654
14900 0.148999999999998 0.000145758503739136 0.00444352661726834 9.80898171102015 115.875866039762 115.876288501166 92.4728904567761 245.84319725743 247.180356392833 280.80162404523 2.40386011225658 2322.93705652197 -285105.833264133 -257431.758246196
15000 0.149999999999998 -0.000733407026654607 -0.0222209394846337 9.66055129733385 115.881482694384 115.886233181139 92.3642266607047 246.139772676505 247.476960426787 284.15708458373 2.40636501539128 2350.69517100254 -285034.392193936 -257813.064187067
15100 0.150999999999998 -0.0101513065193119 0.00670819795563585 9.51198727637314 115.865338526596 115.823449577984 92.2555628646333 246.218642210869 247.555856980863 292.469010669405 2.41084117458525 2419.45574594984 -285005.759758006 -258094.261240609
15200 0.151999999999998 -0.0181723836830524 -0.0123071161243651 9.25173697560221 115.815735935262 115.774707829265 92.1468990685619 246.265851633094 247.603104504285 303.048070170157 2.41573451042095 2506.97122746105 -284998.880844975 -258787.97032651
15300 0.152999999999998 0.0136712824777017 0.00646569907570298 8.98478492341387 115.71522887478 115.685414541775 92.0382352724905 246.151585732689 247.4888869071 314.149981625014 2.42255577391035 2598.81201223001 -285000.836146045 -259319.369829394
15400 0.153999999999998 -0.00951002718397782 -0.0212237504710967 8.63989219049923 115.628101348463 115.592383753244 91.929571476419 246.062773415182 247.400118665582 327.849590409826 2.42920039632285 2712.14230016655 -285030.237728608 -260310.279905153
15500 0.154999999999998 0.0117009259309368 0.00283509121058644 8.28114067749341 115.532595827051 115.480356932758 91.8209076803476 245.90413526702 247.241524949333 341.581156538039 2.43644696750663 2825.73695586615 -285068.228778833 -261099.110792047
15600 0.155999999999998 0.00284423295772164 0.00268057446428846 7.92647716481108 115.445739174512 115.39350766461 91.7122438842762 245.872312559719 247.209746908909 349.230169361124 2.44300631879627 2889.01356757725 -285067.159588728 -262015.951314192
15700 0.156999999999998 0.00247454210569027 0.00369599713830602 7.56720747586227 115.413318143477 115.31249872743 91.6035800882048 245.937467164633 247.274931237264 354.744005719783 2.44831016542162 2934.62688924046 -285060.013388173 -262916.473922112
15800 0.157999999999998 -0.0213529614957015 0.00142803157610638 7.29656724414778 115.415530446985 115.24543255536 91.4949162921334 246.146001194082 247.483486582458 360.21987059386 2.45259735148183 2979.92609103728 -285061.260568612 -263657.316285122
15900 0.158999999999998 0.0139692508313034 0.0228758026768508 7.16084783356289 115.386545560742 115.263014841022 91.3862524960619 246.474949604058 247.812474335901 363.087684830383 2.45575579940191 3003.65014172215 -285045.10598965 -263840.77161915
16000 0.159999999999998 0.0445585521344821 -0.0109482591704348 7.09043025662477 115.372807894088 115.314910560794 91.2775886999905 246.854009818407 248.191573222279 366.8723370879 2.45786545503763 3034.95875329064 -285038.857583526 -264004.920326669
16100 0.160999999999998 -8.6544655699376e-05 -0.0018699454821861 7.02989225130049 115.444869623303 115.306944766073 91.1689249039191 247.356578689112 248.694149783665 368.093491344925 2.45942881638309 3045.06077632921 -285012.688583863 -264222.746158831
16200 0.161999999999998 -0.0217928016591246 -0.00176653895461092 7.05765852150677 115.489989696078 115.319411821469 91.0602611078477 247.867153589338 249.204742280374 366.062145316054 2.46113559048958 3028.25642563813 -284960.289920249 -264183.906485188
16300 0.162999999999998 0.0232463548391489 -0.00758518214970254 7.06149825800752 115.50761680774 115.37103995447 90.9515973117763 248.416725259199 249.754343623647 369.402503934256 2.46259748643368 3055.8896091807 -284952.654516384 -264050.59067834
16400 0.163999999999998 -0.0233648335411598 -0.0127179608241639 6.98450615263536 115.562594212137 115.414205315451 90.8429335157049 249.022212905078 250.359849349222 368.498475058251 2.46344854300388 3048.41101220542 -284910.487985682 -264346.584297348
16500 0.164999999999998 -0.00238380106406282 -0.0189310345438337 6.97155508077368 115.597470256949 115.432552310336 90.7342697196334 249.491496538635 250.829154145404 366.922512645487 2.46526276787256 3035.37383159529 -284863.2837967 -264320.7305963
16600 0.165999999999998 0.0069072414517627 0.0165082883173558 6.98553261758282 115.628933315653 115.432145885975 90.625605923562 249.85825556412 251.195933294447 368.976194201796 2.46755579499998 3052.36295338426 -284846.684313842 -264155.66713439
16700 0.166999999999998 -0.021101087920625 -0.0499581289973376 6.8860358877027 115.669410793865 115.483979812476 90.5169421274906 250.272359147934 251.610060041458 368.380345120522 2.46854502975186 3047.43377993061 -284808.871039085 -264617.802685938
16800 0.167999999999998 0.0546316552244676 0.0371845203673488 6.8832162053494 115.679081802929 115.478723832209 90.4082783314192 250.47649325862 251.81421999015 368.734680662224 2.47141788824381 3050.36502779309 -284779.60701981 -264203.370476376
16900 0.168999999999998 -0.0184271033652073 0.00880345187611353 6.84294544578579 115.758542421042 115.500025767346 90.2996145353478 250.79726506812 252.135000530838 366.983515919421 2.47223736531998 3035.87848240018 -284733.498140506 -264533.509699612
17000 0.169999999999998 -0.0175688842346519 -0.0218817028777705 6.78039980121743 115.79218909171 115.546947485968 90.1909507392764 251.135206588804 252.472966643913 366.294030537188 2.47349186858237 3030.17470077226 -284696.437941621 -264742.764657523
17100 0.170999999999998 0.0223028588982964 0.0252885705618673 6.81149457517973 115.814890322937 115.553244343381 90.0822869432049 251.410620612205 252.748404023379 365.563866295353 2.47585522809276 3024.13440246391 -284659.177189999 -264431.393391158
17200 0.171999999999998 -0.044242299768643 -0.0161859602871094 6.75720155163812 115.902351648236 115.590955637534 89.9736231471335 251.850985951375 253.188777573688 364.80833176136 2.47616671693772 3017.88422790575 -284621.681685084 -264809.366386572
17300 0.172999999999998 0.0353689015723948 0.0477225031224165 6.86028982158997 115.904847317377 115.622336710677 89.8649593510621 252.190705328475 253.528528785788 364.322812961009 2.47843463628122 3013.86776390984 -284586.392576729 -264175.574532702
17400 0.173999999999998 -0.0065921887692049 -0.017924590546584 6.80494341075041 115.961749002669 115.697317710325 89.7562955549907 252.740069655987 254.077914075668 361.361792313588 2.47861016132963 2989.37266132484 -284530.605262142 -264553.775368598
17500 0.174999999999998 -0.0139756732115528 -0.00417250798089829 6.77081712689106 116.003508077114 115.716274294604 89.6476317589193 253.184822109689 254.522685799956 362.7948315762 2.48031481231446 3001.22750731404 -284511.065286924 -264603.550946706
17600 0.175999999999998 0.024139829335255 0.0332239536585325 6.81183816872376 116.016198527194 115.757648036119 89.5389679628479 253.658079382317 254.99597306913 362.092284362488 2.48216577898302 2995.41567142371 -284473.94283635 -264293.307726997
17700 0.176999999999998 -0.0182638526574679 -0.05152803113201 6.75890746526684 116.072310477254 115.833336469971 89.4303041667764 254.305359604227 255.643274559012 361.532792586098 2.48235728819568 2990.78726450258 -284438.021486054 -264713.841981542
17800 0.177999999999998 0.0181239053663206 0.0457057031050485 6.77151321885268 116.122890049099 115.81043951009 89.321640370705 254.735361544458 256.073288749884 358.738504245612 2.48478580500741 2967.67145826466 -284383.868906821 -264333.717274982
17900 0.178999999999998 0.0117249562532541 -0.00514226658519875 6.75575149142296 116.158240096781 115.875937353592 89.2129765746336 255.26534806409 256.603301382358 357.733548918953 2.48564944725304 2959.35794520582 -284344.310937836 -264490.80359838
18000 0.179999999999998 -0.00548610845092899 -0.021129280152765 6.75916470558903 116.186920165154 115.939162513488 89.1043127785622 255.718491196204 257.05647229174 357.415491920665 2.4867095921758 2956.72681232003 -284310.281169598 -264540.986316425
18100 0.180999999999998 0.035715835142635 0.0374451443984446 6.77810223805723 116.223202064283 115.964574066694 88.9956489824908 256.051942267516 257.389944901056 355.963782099085 2.48842322013592 2944.71751375799 -284266.579279479 -264224.622520842
18200 0.181999999999998 -0.0196519681411399 -0.0258256242720194 6.76759241238163 116.292982456222 116.007218297844 88.8869851864193 256.483344859748 257.821361304929 355.293336211782 2.48905501191462 2939.17123673304 -284229.414642434 -264519.550277885
18300 0.182999999999998 -0.0242731868365613 0.00704261730914553 6.75624448059715 116.340071963835 116.036304647642 88.7783213903479 256.88052529029 258.218560580065 355.368050901281 2.4904684621101 2939.78931549769 -284198.01544686 -264454.914276085
18400 0.183999999999998 0.0196347021616212 0.0236220502553377 6.78736496595005 116.345332121137 116.089428541236 88.6696575942765 257.250672169968 258.588740853203 354.029885139796 2.4922667579258 2928.71931244592 -284154.867834632 -264206.70754964
18500 0.184999999999998 -0.00308023730216674 -0.0051723244540451 6.77166764487625 116.393681464272 116.139128291771 88.5609937982051 257.763886324072 259.101975710471 352.998622100841 2.49322082082705 2920.18816831044 -284114.12383874 -264348.397975323
18600 0.185999999999998 -0.0104039602721025 0.00276706734252102 6.74782997378383 116.458613916739 116.157847421717 88.4523300021337 258.241070997249 259.57917301405 351.97127782842 2.49448986413106 2911.68944224955 -284073.29230847 -264382.444418582
18700 0.186999999999998 0.012684891573067 0.0426139132679214 6.79561479868714 116.487264616414 116.182642768406 88.3436662060623 258.660164832882 259.998290510644 350.023940052779 2.49641093867533 2895.58005151514 -284024.627678614 -264087.383758866
18800 0.187999999999998 -0.0117927866673752 -0.03068326959085 6.70008584316571 116.505140153025 116.280115143265 88.2350024099908 259.248494563386 260.586654800015 347.315182104287 2.49700695273663 2873.1717971573 -283969.590419391 -264539.551382373
18900 0.188999999999998 0.0457482486958364 0.02614954155741 6.78453956102568 116.529915692259 116.290683950315 88.1263386139194 259.714568846363 261.052752324392 348.273810894263 2.49932716437451 2881.10207301398 -283944.565812509 -264027.959854684
19000 0.189999999999998 -0.0407992942651838 -0.00939617771589742 6.74692943795026 116.639547251264 116.324567401076 88.017674817848 260.412273589513 261.75045855098 348.082491314677 2.49933246483298 2879.51937796167 -283909.89397602 -264391.705022572
19100 0.190999999999998 0.0137636942420285 0.0167638912172978 6.77206122722583 116.646117655631 116.362675914987 87.9090110217766 260.889795149398 262.228011522082 346.069333932568 2.50146142759654 2862.86549321505 -283859.720450516 -264109.563799533
19200 0.191999999999998 0.0258781811799664 0.00659508382645822 6.7748234784601 116.686519667089 116.431231516404 87.8003472257052 261.459243953267 262.797485337834 344.787356226085 2.50221591575175 2852.26030697317 -283815.27911459 -264069.135820662
19300 0.192999999999998 -0.00919963016530826 -0.0076147981697388 6.76521929508638 116.758781618996 116.45226280372 87.6916834296337 261.965930737971 263.304182914397 342.092358576843 2.50331383555342 2829.96588496635 -283758.760018688 -264188.410303191
19400 0.193999999999998 -0.011795403610578 -0.0214433544749542 6.78630277266336 116.799627954372 116.494369567069 87.5830196335623 262.477910317436 263.816184536863 340.105814819884 2.50463753086222 2813.53216196659 -283707.853329831 -264151.233017981
19500 0.194999999999998 -0.00702360285754455 -0.0182526851238911 6.76973226507655 116.841582807888 116.550078296176 87.4743558374909 262.978083807428 264.316381216788 341.493879767022 2.50565018667138 2825.01495703065 -283684.583484922 -264144.580636879
19600 0.195999999999998 0.0288854394889428 0.0379241796334585 6.81452041835062 116.866091320549 116.554860761761 87.3656920414195 263.337942423983 264.676262536488 339.438581983416 2.50813762444641 2808.012464969 -283632.510895448 -263787.204900462
19700 0.196999999999998 -0.0380384842291184 -0.0377802680106024 6.75659836729333 116.930315963969 116.632408671529 87.2570282453481 263.891501773502 265.229841059014 339.901685214981 2.50821295970332 2811.84349572338 -283601.122136735 -264249.019129218
19800 0.197999999999998 0.0172873882484243 0.0163391733515755 6.7464775734655 116.944289437121 116.666927857552 87.1483644492767 264.292705572218 265.631073773291 340.582759244775 2.51029736973415 2817.47769426986 -283571.359039147 -263981.652695185
19900 0.198999999999998 0.0143518200135911 0.0206820079105212 6.77250435343875 116.979794850248 116.713999429167 87.0397006532052 264.772448781236 266.110841092082 337.734145747364 2.51165507690241 2793.9124820837 -283512.316756373 -263887.413998035
20000 0.199999999999998 -0.0260327628743331 -0.0366296541611731 6.72000580107265 117.035426128824 116.768723340044 86.9310368571338 265.320505766012 266.658917256159 337.014532220047 2.51242126693489 2787.95946477241 -283470.506272128 -264227.918420985
