# Fix print output for fix def1
100 0.000999999999999045 -0.204251345479639 0.256186192654538 0.0515665248098626 133.288914210032 130.425062226859 131.696929780531 0.181660700689046 0.181690123652192 299.859324340299 2.32711947426673 4427.88761727528 -526651.523633734 -521730.637936565
200 0.00199999999999917 0.0611202899195249 -0.0237191156759515 0.219410796231273 133.067139676283 130.70766911358 131.565101021992 0.265946036544925 0.26599523955089 300.117131011617 2.32828863642412 4431.6945323015 -526660.69943739 -521006.371531766
300 0.00299999999999908 0.0253107150810461 -0.018874172408339 0.398309339862716 133.161124465179 130.679810381739 131.433272263453 0.246913289690747 0.246961197296077 299.259107651757 2.32947548144165 4419.02448771037 -526647.140793278 -520302.179214018
400 0.0039999999999992 0.0436324621760724 -0.0375056824462775 0.572102070869572 133.185650208459 130.717818998335 131.301443504914 0.265982141793598 0.266034199959736 300.308381982565 2.33070702238242 4434.51864927007 -526659.107320828 -519474.606528028
500 0.00499999999999911 0.0296565414473229 -0.0334073765306384 0.738041668920063 133.20882119854 130.755057119305 131.169614746375 0.288552056321194 0.288608705531607 299.102881220441 2.33197929903342 4416.71756234717 -526635.412852917 -518728.407663646
600 0.00599999999999923 -0.00837690648928803 0.0122526579845592 0.896497116845228 133.252354152742 130.775302397549 131.037785987836 0.304375433964308 0.304435781265894 300.254152534262 2.33320148288542 4433.71786742624 -526644.223327375 -517933.025757215
700 0.00699999999999914 -0.0187428957517771 0.0489205572886116 1.05088867461807 133.27455209149 130.807645226808 130.905957229297 0.329494271402107 0.329559770071185 300.039324898165 2.33458474701502 4430.54560445989 -526630.462699382 -517067.04429741
800 0.00799999999999905 -0.0234304312916249 0.0472638107076166 1.21100889430045 133.308469727453 130.839879956524 130.774128470758 0.358920695172879 0.358991779163028 299.820730362719 2.33576797278789 4427.31771738705 -526614.056093887 -516326.71172613
900 0.00899999999999917 -0.00809690655832453 0.0267698806463616 1.39089237485322 133.340464771869 130.866088797855 130.642299712218 0.384352444475601 0.384429089976424 300.129567475241 2.33709577140558 4431.87817595976 -526603.114702785 -515485.850227295
1000 0.00999999999999908 0.0113251158303515 -0.0203333419735601 1.56971381717603 133.370028734174 130.902901937777 130.510470953679 0.407138675726875 0.407222242061119 299.85653066789 2.33828012260906 4427.84636437281 -526581.098401828 -514754.776366655
1100 0.0109999999999992 0.0294837121360564 -0.0417539357638739 1.7435193234501 133.398539113318 130.932997374124 130.37864219514 0.437238854786547 0.43732924955227 299.089161003409 2.33960626875173 4416.5149620804 -526549.28294198 -513930.488070103
1200 0.0119999999999991 0.0280564807981549 -0.0370757888546847 1.89891851992629 133.43223004253 130.965499653189 130.246813436601 0.47444667598324 0.474544566752393 299.439047584472 2.34080188400787 4421.68157967065 -526531.382080548 -513160.344442968
1300 0.0129999999999992 0.0245937554837526 0.00768458087181197 2.03670451853134 133.462190870519 130.992292799398 130.114984678062 0.510913329043288 0.51101868030707 300.077023513456 2.34216833503268 4431.10228293637 -526514.993675614 -512292.22545585
1400 0.0139999999999991 -0.00329720642605101 0.0327332337916196 2.1959143290795 133.497026104022 131.02275553978 129.983155919523 0.553545392392205 0.553658986889784 298.923079128476 2.34338700165273 4414.06250581917 -526469.492625388 -511529.216473081
1500 0.014999999999999 -0.0185588999801701 0.040228390472021 2.37440656980085 133.527053688979 131.052406094369 129.851327160984 0.607503009133866 0.607625246748732 298.77252413022 2.34470794921678 4411.83932795412 -526435.892239717 -510696.668326383
1600 0.0159999999999992 -0.0288017453534346 0.0182276834381648 2.56296336084396 133.560145229129 131.08569589772 129.719498402445 0.664830334079471 0.664962021743632 298.997364292585 2.34591334875911 4415.1594413873 -526404.910732418 -509929.60015724
1700 0.0169999999999991 -0.0106444959486205 -0.00992818706533837 2.73672670506232 133.590987619899 131.11787133598 129.587669643906 0.71602152275538 0.716163032671117 300.300183315884 2.34718155229218 4434.397583251 -526386.76824275 -509125.358340422
1800 0.0179999999999992 0.0181956512790724 -0.0167287661813284 2.88077635252966 133.621515028338 131.148712286679 129.455840885367 0.769091132817513 0.769242805219582 297.588451946797 2.3484825707926 4394.35466720371 -526306.267283872 -508308.085969451
1900 0.0189999999999991 0.0380581212746112 -0.0169087065483302 3.02604050140944 133.65146571661 131.182062581987 129.324012126828 0.83023081886044 0.830393377294103 299.241603903391 2.34975219071698 4418.76601774011 -526287.010070814 -507493.660852485
2000 0.0199999999999992 0.0335524496400449 -0.00557289872708505 3.18411171054236 133.68620053577 131.211561042275 129.192183368289 0.88932758881992 0.889501104924363 299.055393889723 2.35101008959707 4416.01633831778 -526237.735850704 -506677.350453641
2100 0.0209999999999991 0.00550237101279424 0.00185105067188937 3.36471564638632 133.718534273941 131.244339968436 129.06035460975 0.952912438771806 0.953097724673246 299.123557598747 2.35225483042749 4417.02288111513 -526189.625020006 -505882.382725572
2200 0.0219999999999993 -0.0281179925289048 0.01194322663969 3.5511860784785 133.75178805925 131.274761165615 128.928525851211 1.0314035949602 1.03160087226351 298.114830388917 2.35352905029461 4402.12746063274 -526123.523334862 -505072.361641761
2300 0.0229999999999992 -0.0294628517134023 0.0152283310817647 3.71487081988993 133.784904995187 131.306718526608 128.796697092672 1.11529416768841 1.11550407060682 299.904918101061 2.35478155408235 4428.5608798098 -526096.709727982 -504248.332143884
2400 0.0239999999999991 -0.00878815263490844 0.0265846251873668 3.85120161936614 133.816481463799 131.338263115548 128.664868334132 1.18817666698994 1.188399623843 298.818687795694 2.35607200351345 4412.5210060149 -526025.509162343 -503410.625683356
2500 0.0249999999999992 0.00966025861120079 0.0112154983310529 4.00520494026812 133.848640604605 131.371476997037 128.533039575593 1.25735730597066 1.25759397482138 299.385909377314 2.35732568586097 4420.89691169345 -525976.770660768 -502624.562807341
2600 0.0259999999999991 0.0258648848488001 -0.00659926517481801 4.17768977923326 133.878444523133 131.403135653973 128.401210817054 1.33564575621499 1.33589643795667 298.396909914398 2.35865221161452 4406.29280196642 -525902.943435087 -501772.95701718
2700 0.0269999999999992 0.0170843647735043 -0.0315986751510818 4.35954087630304 133.913777716585 131.43988030968 128.269382058515 1.41576492564689 1.41603067929314 299.265446314828 2.35979346768484 4419.11808789367 -525854.333073967 -501025.532748859
2800 0.0279999999999991 0.00599245297459828 -0.0167645224018863 4.5266291517338 133.947832857676 131.466311554196 128.137553299976 1.49702818744665 1.49730828306486 298.199076237242 2.36114586050736 4403.37148113944 -525774.845623388 -500171.507675722
2900 0.0289999999999993 0.00122491211723566 0.000892567822970192 4.66426254147237 133.981211594756 131.503315696507 128.005724541437 1.59962840807291 1.59992456986947 297.486227355636 2.36232375758591 4392.8451626973 -525698.122893133 -499409.595174056
3000 0.0299999999999992 0.00376799047909305 0.0311808064745319 4.81071270058151 134.01304642966 131.530866451708 127.873895782898 1.71355316069387 1.71386472588414 297.48552980009 2.36370218356133 4392.83486220865 -525629.290752687 -498512.804519296
3100 0.0309999999999991 -0.00683607555488085 0.0233641457471234 4.978014578836 134.049961741831 131.565464135585 127.742067024359 1.81815897193695 1.8184872679329 298.029393319603 2.36486785413683 4400.86584990209 -525565.975467927 -497754.827378325
3200 0.0319999999999992 -0.0183574993917041 0.00167169366208881 5.16521576460999 134.08328830514 131.601330328171 127.61023826582 1.91527727867341 1.9156229501331 298.834224437925 2.36607748271062 4412.75042861465 -525504.016100663 -496971.555588408
3300 0.0329999999999991 -0.0116519497617631 -0.010972691311313 5.33622473575942 134.116380891024 131.632706067118 127.478409507281 2.01684334851208 2.01720630799515 297.243960359715 2.36737546515172 4389.26771506023 -525404.070913121 -496135.424813718
3400 0.0339999999999992 0.0188137566442707 -0.0121144672092205 5.47038106333305 134.147410296363 131.668066246493 127.346580748742 2.12032058976403 2.12070182569544 297.738833955555 2.36864172143461 4396.57529061072 -525332.399412643 -495304.706754445
3500 0.0349999999999991 0.0299020670409084 -0.00340172376750737 5.6109524405101 134.182827119414 131.701386072555 127.214751990203 2.22033618526338 2.22073591316731 297.807700406948 2.36987071677576 4397.5922104882 -525251.817033827 -494486.293160835
3600 0.0359999999999993 0.0257043368482281 0.00367987013528577 5.78012282831373 134.215279498552 131.734766459262 127.082923231664 2.33942801939076 2.33984672535343 299.424096174851 2.37115449401234 4421.46079893734 -525191.5856341 -493612.159354235
3700 0.0369999999999992 -0.00560708080320997 -0.00639190864726401 5.9603916698857 134.252957294661 131.768091240125 126.951094473125 2.48248748553715 2.48292564026218 296.990962008391 2.37235047118888 4385.53180233022 -525069.096243773 -492890.362451629
3800 0.0379999999999991 -0.0190377160730913 0.00335584314683512 6.12228708672597 134.286828796071 131.802771528449 126.819265714585 2.6114802752001 2.61193854333516 296.834496811536 2.37359281578341 4383.2213512238 -524977.872937478 -492077.153112022
3900 0.0389999999999992 -0.0138975516496499 0.0166419675794799 6.26255584619342 134.324476034575 131.833956547404 126.687436956046 2.72386994298926 2.72434831984137 296.562188100096 2.37483489963986 4379.20029110131 -524882.459177285 -491259.966378913
4000 0.0399999999999991 0.00282513168319141 0.0244390778850263 6.40311227702095 134.359492688078 131.869270110819 126.555608197507 2.84349158179535 2.84399112188527 297.634326943585 2.37605265504974 4395.03208262399 -524804.449739406 -490411.014203019
4100 0.0409999999999992 0.00708352349787435 0.00802313832105682 6.5702886966711 134.38878130986 131.903822271486 126.423779438968 2.97010118409318 2.97062226094534 295.382040499299 2.3773889957033 4361.77358289531 -524674.93221615 -489608.844070895
4200 0.0419999999999991 -0.00495282727006529 -0.0173001248727022 6.74330597397554 134.43018056217 131.942468468534 126.291950680429 3.09391927175928 3.09446297217136 296.971606430888 2.37844085137831 4385.24598723295 -524599.792643263 -488891.588697131
4300 0.0429999999999993 0.00684158521880427 -0.0134666960448469 6.90113761209821 134.463428182162 131.972380176036 126.16012192189 3.23081992572032 3.23138545156033 296.191614218848 2.37979794280299 4373.72819346462 -524487.184226905 -488000.426384985
4400 0.0439999999999992 0.0103400972904284 -0.00167014081741078 7.03864616714949 134.498641693046 132.012838845954 126.028293163351 3.40265814500055 3.40324754447224 297.759923567156 2.38093363612627 4396.88671140868 -524406.759978221 -487200.777260322
4500 0.0449999999999991 0.0120099318447719 0.0195904427940948 7.18090990797333 134.533471170622 132.041439111475 125.896464404812 3.56882659943215 3.56943857504375 294.78443691548 2.38229359489442 4352.94903987117 -524256.860625137 -486344.915237655
4600 0.0459999999999992 -0.00319929784862797 0.0135721822180204 7.34787832147328 134.571501448145 132.081728617352 125.764635646273 3.7155082395967 3.71614505502901 296.539386502996 2.38338957127221 4378.86359018439 -524174.294374437 -485574.061941513
4700 0.0469999999999991 -0.0201108684894408 0.00646357753338396 7.52568171294083 134.608421377327 132.113707187026 125.632806887734 3.85565688169357 3.85631774430264 295.61635087689 2.38465875650579 4365.23353873233 -524049.779382208 -484766.564352331
4800 0.0479999999999992 -0.0115349191122383 -0.00565072326162847 7.66623848774824 134.64527468907 132.153266033719 125.500978129195 4.01075549088484 4.01144207353077 295.656910710195 2.38579588793575 4365.83246752685 -523937.12234948 -484033.355816027
4900 0.0489999999999991 0.017331675701615 0.0149324804999575 7.79256747352659 134.679133433964 132.188343235389 125.369149370656 4.15448012562474 4.15519220924576 295.560488015415 2.38707058838773 4364.40863701171 -523820.030734845 -483120.423249143
5000 0.0499999999999993 0.0231992083999758 0.00293557938571637 7.95147830967279 134.716218303198 132.223380870256 125.237320612117 4.30540107082743 4.30613913822866 295.503023013557 2.38829244938495 4363.5600772055 -523700.905997316 -482311.646951777
5100 0.0509999999999992 -0.00313284745232511 -0.0215901081048037 8.1330348099928 134.756322823226 132.261925617722 125.105491853578 4.49559056058177 4.49635567933022 296.710890999075 2.38940102743508 4381.39611985031 -523598.160965636 -481601.92653711
5200 0.0519999999999993 -0.00167590412366913 -0.0115243130730117 8.27776758351004 134.791900191177 132.297998056622 124.973663095038 4.69204548034451 4.69283773115929 295.262109914502 2.39063815152472 4360.0026219538 -523453.878881633 -480774.00161867
5300 0.0529999999999992 0.0102999091607389 0.0219569429207612 8.39674171274635 134.827100813298 132.333626750448 124.841834336499 4.85515405990781 4.85597385635785 294.174163673711 2.39189362621268 4343.93740971316 -523312.4061849 -479906.698643186
5400 0.0539999999999991 0.00613847565937014 0.0261386797843802 8.5527953096419 134.867047412994 132.368661302519 124.71000557796 5.01274428409962 5.01359202036758 295.826460380903 2.39307929156834 4368.33613116676 -523208.897193625 -479075.223057302
5500 0.0549999999999992 -0.0112271276100591 -0.00305288824846235 8.73142633775326 134.905306664348 132.407839789975 124.578176819421 5.18565999023808 5.1865368669661 294.897192139379 2.39422361074901 4354.61404548934 -523064.940010373 -478352.531127188
5600 0.0559999999999991 -0.0115304345361911 -0.00549673205947993 8.8764998825544 134.943952370547 132.445517335608 124.446348060882 5.35892066805034 5.35982692584326 294.481639920083 2.39539184742658 4348.47777298823 -522926.310645649 -477581.11308673
5700 0.0569999999999993 0.0189178553274757 0.0129579146058466 8.99701419970245 134.979636790146 132.482670336095 124.314519302343 5.53547896757254 5.53641500366826 295.519277269174 2.39662580065949 4363.80009647898 -522806.621119643 -476683.64393686
5800 0.0579999999999992 0.0206436326333588 0.00378331666371879 9.14177970494229 135.020095900458 132.520290616483 124.182690543804 5.74380793956922 5.74477434257719 294.192492386096 2.39777019220704 4344.20806155563 -522649.513184802 -475931.263492093
5900 0.0589999999999993 -0.00504803842229372 -0.0122886739985997 9.31780952009196 135.058885155574 132.559726221975 124.050861785265 5.97875521339854 5.97975280716904 294.179894493387 2.39891505021313 4344.02203414676 -522509.652523324 -475191.414741156
6000 0.0599999999999992 -0.00698585277516259 -0.00494964319236279 9.45703424193642 135.098685032781 132.59831218419 123.919033026726 6.18816955283155 6.18919868777374 293.594043291004 2.4000610003758 4335.37103324724 -522358.949145184 -474401.934587711
6100 0.0609999999999991 0.0140710076736401 0.0205068103647535 9.57818953878685 135.135849507422 132.634094674513 123.787204268187 6.3732791128958 6.37433975988261 294.416471551605 2.40130821043602 4347.51546103592 -522226.606421134 -473506.138376311
6200 0.0619999999999992 -0.000127525448584785 0.0121185793706782 9.73140273323672 135.178061096246 132.67483178945 123.655375509648 6.56505669826691 6.56615029492804 294.45504357766 2.40237972811271 4348.08503677587 -522080.222133381 -472776.267543021
6300 0.0629999999999991 -0.0101554534232978 -0.0102603875226647 9.89794799531927 135.217137160983 132.714531708468 123.523546751109 6.76390318136352 6.76503003210991 293.720950598644 2.40352943382295 4337.2450163134 -521920.284771916 -472030.058100733
6400 0.0639999999999993 -0.000996158544524583 -0.00535443968490557 10.0230602185946 135.258308657574 132.754137746375 123.39171799257 6.96133645691164 6.96249705565594 293.145030846754 2.40464729165667 4328.74066867121 -521760.293304162 -471258.190234261
6500 0.0649999999999992 0.022057347904187 0.0121960581626311 10.148281538392 135.293515585285 132.792336646334 123.259889234031 7.1840403717207 7.18523493094007 293.608054267193 2.40590040742907 4335.57792702355 -521613.236561927 -470364.349808648
6600 0.0659999999999993 0.00660586772852041 -0.00692768847360664 10.3042265617807 135.339773924651 132.832713711384 123.128060475491 7.44164405468275 7.44287353877475 293.454216792773 2.40692126228159 4333.30627831109 -521454.755795189 -469669.09643572
6700 0.0669999999999992 -0.00791108890232489 -0.00869217467003221 10.4614377135889 135.379828678044 132.872416232822 122.996231716952 7.67517411422002 7.67643887871084 293.988134393532 2.40806837982178 4341.19039910088 -521304.244059363 -468884.593763292
6800 0.0679999999999991 0.0101516419435101 0.0177801527598708 10.56672400633 135.418769769503 132.912708965749 122.864402958413 7.88090451922801 7.88220518645682 292.327819606763 2.4092283523033 4316.67327827669 -521118.972930174 -468057.679757812
6900 0.0689999999999992 0.00372029205531823 0.0131615110961028 10.7160491125407 135.460748001365 132.952342359902 122.732574199874 8.09266351146612 8.09400046532437 293.32646914064 2.41034998975625 4331.41988625621 -520970.595929926 -467281.349477717
7000 0.0699999999999991 -0.00769325318011072 -0.00233967408931354 10.8621490499046 135.504809127265 132.994528204327 122.600745441335 8.3114715513945 8.31284583578241 291.935288402533 2.41139202909821 4310.87694673879 -520784.648346881 -466589.41046453
7100 0.0709999999999993 -0.000333364141456732 0.00515645588984174 10.9957660114741 135.542849286895 133.036587536557 122.468916682796 8.53003104269931 8.53144312795535 292.921675457203 2.41254726343638 4325.4424802096 -520631.629458173 -465763.547935342
7200 0.0719999999999992 0.0167201407722456 0.0102051832469272 11.1144911288099 135.587123080151 133.075069973008 122.337087924257 8.7819883389015 8.78343800541469 292.027450198557 2.4136601834039 4312.23785848065 -520448.5777462 -464970.267213751
7300 0.0729999999999993 0.0115383350682318 0.00309061526538408 11.2535791407189 135.628051573751 133.120275070478 122.205259165718 9.06904689861194 9.07053607977031 292.46772156193 2.41471449044588 4318.73914745144 -520282.874622892 -464238.376490665
7400 0.0739999999999992 -0.00425622439291726 -0.0157141606959004 11.4101887334735 135.67189838964 133.161046866907 122.073430407179 9.35255339539569 9.35408167195127 291.737365559658 2.4158010302445 4307.95430924179 -520097.647529009 -463527.372713428
7500 0.0749999999999991 0.00780902041023022 0.0103456658633722 11.5187898773687 135.717105102551 133.201229137168 121.94160164864 9.59847766037942 9.60004542054988 291.869186266133 2.41687783576515 4309.90084625606 -519923.053424129 -462701.185366996
7600 0.0759999999999992 0.0116743299018194 0.0144105276827933 11.641512881644 135.755988770615 133.24864250297 121.809772890101 9.84068140333174 9.84229073816272 291.170786900708 2.41793983255527 4299.58789731281 -519733.884441574 -461946.616730736
7700 0.0769999999999992 -0.0118403537934123 -0.00714934523039725 11.8032464698205 135.802202146616 133.290437494612 121.677944131562 10.0835961286022 10.0852463500577 291.580325828114 2.4189770309328 4305.63537424035 -519558.880096863 -461253.929317501
7800 0.0779999999999993 -0.00310960615340082 0.00884368669704996 11.907717231068 135.848326012998 133.333849356543 121.546115373023 10.3245190638614 10.326211057214 290.505512315712 2.41999028126155 4289.76408708623 -519359.758679412 -460501.524980354
7900 0.0789999999999992 0.018070895536598 0.0274380080289237 12.0254111540303 135.888123974937 133.373188584781 121.414286614484 10.5774431332235 10.5791764580372 290.664294699985 2.42119397357828 4292.10875505582 -519176.620202985 -459622.257903932
8000 0.0799999999999993 -0.0129523973446061 -0.00860959378687619 12.1771601022736 135.937549660282 133.423847076836 121.282457855945 10.8962213920738 10.8979992309937 290.021363501194 2.42202447884194 4282.6148795522 -518979.60094868 -459066.14750016
8100 0.0809999999999992 0.0108337858680021 0.00657622007034932 12.2941860951316 135.977952905231 133.463977130607 121.150629097405 11.2110614545421 11.2128818500863 290.034438215324 2.42321070548505 4282.80794796828 -518790.068805512 -458190.070219789
8200 0.0819999999999991 0.0203497102360616 0.0124914550498038 12.4019454168918 136.02764610263 133.508078981759 121.018800338866 11.4804571459823 11.4823215970579 290.627350645612 2.42416312371008 4291.56321884063 -518606.903762751 -457456.984717138
8300 0.0829999999999992 -0.00152023472774686 -0.00818930800028517 12.5495623926187 136.072849437881 133.554516596301 120.886971580327 11.7372762121625 11.7391857876047 289.724100493096 2.42515698671388 4278.22533056776 -518399.541416059 -456806.040489562
8400 0.0839999999999991 0.00157642997795182 0.00785707490269047 12.6524921459697 136.119361503937 133.599924106844 120.755142821788 12.0080805580144 12.010035555615 288.34043688613 2.42615008336142 4257.79339314098 -518183.056493159 -456075.724747337
8500 0.0849999999999993 0.00373159043382828 0.0153691795271893 12.7641731779033 136.165256184273 133.645905703897 120.623314063249 12.2731506125471 12.2751517063735 288.884431596757 2.42714762201577 4265.82631807452 -517992.835213842 -455347.060574509
8600 0.0859999999999992 -0.00118555658856076 0.0125468640883955 12.8983805060114 136.212262115793 133.687629901182 120.49148530471 12.5383633630507 12.5404100406132 288.951292142238 2.42820655083125 4266.81361764265 -517793.484395248 -454594.867296235
8700 0.0869999999999993 -0.0125398196902043 -0.00316627225275058 13.013495283082 136.263680122461 133.740953855661 120.359656546171 12.8707474968973 12.8728432136187 288.670330016407 2.42898002724634 4262.66477644643 -517587.081922767 -454009.57938991
8800 0.0879999999999992 0.0264144102172618 0.0187828312920982 13.1075332219129 136.303393830559 133.782607330632 120.227827787632 13.2338351971349 13.2359775015338 287.351067367124 2.4301780163503 4243.1838189623 -517363.132628049 -453127.631999343
8900 0.0889999999999991 -0.00249661092703343 -0.0123855289783613 13.248856787024 136.357221135507 133.833917518888 120.095999029093 13.5784975834946 13.5806895524306 288.049917847628 2.43095288594737 4253.50342931879 -517167.027298554 -452569.876332664
9000 0.0899999999999992 0.00920074711841155 0.0112485706811082 13.3475145251377 136.403029914133 133.876868119656 119.964170270554 13.8619777986576 13.8642177846071 286.842696809666 2.43202647171126 4235.67693985721 -516940.737925895 -451777.363493816
9100 0.0909999999999992 0.0203959096281769 0.011611853864592 13.4468765805471 136.453940160487 133.928072792336 119.832341512015 14.1617800025791 14.1640707243989 288.153767849696 2.43286308245571 4255.03693553616 -516749.70402147 -451082.548447245
9200 0.0919999999999993 -0.000590164536118958 -0.00373121456672115 13.5767054476253 136.503184696941 133.975962548412 119.700512753476 14.4623440727633 14.4646852106467 287.423925373123 2.43379353562455 4244.25968032928 -516526.489734979 -450467.751633331
9300 0.0929999999999992 0.00602759841512843 -0.00263433043496581 13.6847319608746 136.549623279388 134.026090394834 119.568683994937 14.7571057149547 14.7594984013077 286.833772125292 2.43473729870518 4235.54515306181 -516303.431692554 -449750.438178183
9400 0.0939999999999993 0.011809489228467 0.0149096049381172 13.7663203008029 136.605223509357 134.073091201312 119.436855236398 15.0705496024489 15.0729936129036 286.389538793796 2.43557846249741 4228.9853594918 -516080.540363943 -449078.154824704
9500 0.0949999999999992 0.00186887384664811 0.00161474686594906 13.8998196707435 136.651576578635 134.122061883159 119.305026477858 15.4560157393533 15.4585120981219 286.606908826751 2.43655267340177 4232.19516488774 -515865.521226171 -448383.404109847
9600 0.0959999999999991 0.0114544521110037 0.00868572046618249 13.9704599123242 136.706655352781 134.175650075869 119.173197719319 15.8611267915324 15.8636773924883 285.716633013243 2.43729139330045 4219.04886283672 -515632.396065597 -447785.579127676
9700 0.0969999999999992 0.0180079092312587 0.0210494218551936 14.0820904276095 136.751199785077 134.22105308242 119.04136896078 16.1865070177139 16.1891100826742 285.699234949501 2.43837060379108 4218.79195346371 -515410.041190361 -446998.18826611
9800 0.0979999999999991 -0.0109917742606016 -0.0185209334443763 14.2036273311054 136.808667346515 134.279366197927 118.909540202241 16.5024551713436 16.5051149768532 285.595212133205 2.43898887189879 4217.25589537646 -515184.656288346 -446549.891912095
9900 0.0989999999999993 0.0180389246763783 0.0192827002087617 14.2764861109385 136.859014225287 134.324768359861 118.777711443702 16.8239770274809 16.8266904464653 286.687012832364 2.4399726185713 4233.37802466817 -514975.179727707 -445715.653673032
10000 0.0999999999999992 -0.00144974307282439 0.00496437171355099 14.3783816296756 136.913022344178 134.37958568519 118.645882685163 17.1538605407132 17.1566308546442 283.980823383838 2.44072408475739 4193.41694366629 -514707.604101345 -445198.835925954
10100 0.100999999999999 -0.00348919613153482 0.00661342878555917 14.4758778787918 136.964737029236 134.431451625401 118.514053926624 17.4809724970826 17.4837994203513 284.233436715214 2.44157406712975 4197.14717098011 -514482.266768907 -444551.654026033
10200 0.101999999999999 0.010758219532863 0.0202472746999165 14.5385675840176 137.022346835767 134.484247127277 118.382225168085 17.8552252446621 17.8581096715631 283.754456643312 2.44230611713256 4190.07428794084 -514244.085457881 -443929.186952671
10300 0.102999999999999 0.0017169144177167 -0.0047375556460767 14.6677353649956 137.070821717551 134.536854670573 118.250396409546 18.2840929280341 18.287035312256 283.88378777723 2.44320845159088 4191.98406255819 -514013.295782327 -443289.262742388
10400 0.103999999999999 0.0133838010252241 0.00492693274165351 14.7258842676853 137.130689826057 134.59270136463 118.118567651007 18.7129839900652 18.7159859770295 284.475140096009 2.44385295614817 4200.71629596642 -513787.621276829 -442711.904778314
10500 0.104999999999999 0.00524615109422509 0.00635895424343919 14.8248509235893 137.180547136541 134.645840687802 117.986738892468 19.0777220735848 19.0807833587398 283.859336856638 2.44472910679716 4191.62300682396 -513542.382109151 -442081.408961249
10600 0.105999999999999 -0.00672416399706877 -0.000422435609566176 14.9026794284091 137.24123613955 134.703747530808 117.854910133929 19.4313618272962 19.4344845497048 282.952279267856 2.44532976047158 4178.22889585422 -513291.269902969 -441592.422603607
10700 0.106999999999999 0.0119956304286593 0.0251130016233187 14.9637104347394 137.299044435079 134.751189895112 117.72308137539 19.7876009091237 19.7907824067482 282.589447030536 2.44617582100294 4172.87111558738 -513046.533273148 -440899.305589744
10800 0.107999999999999 -0.0100758878482385 -0.00353362699923792 15.0683696128389 137.354602060246 134.811772760264 117.591252616851 20.1517119876212 20.1549569145562 281.906756925581 2.44682755377725 4162.79013821969 -512795.556259482 -440432.153078787
10900 0.108999999999999 0.0234551655568649 0.0216978676490258 15.1139355684601 137.406628233688 134.866730945295 117.459423858311 20.5206757058463 20.5239828778696 280.965790032231 2.44764840910631 4148.89530381859 -512539.141814684 -439740.038269703
11000 0.109999999999999 0.00407529131966801 -0.0102172957112068 15.2047875754449 137.469671666835 134.927040812812 117.327595099772 20.954547232154 20.9579190585575 281.290809145526 2.44818004578496 4153.69471471003 -512299.904151702 -439331.808219354
11100 0.110999999999999 0.0112905513959051 0.0168868095339918 15.2639876917666 137.523471148682 134.981136450355 117.195766341233 21.4196448117987 21.4230798264879 280.754928803962 2.44899323055577 4145.78161101058 -512046.512786328 -438685.895239391
11200 0.111999999999999 -0.00696211276591658 0.00983702328953224 15.3267300752992 137.588985764143 135.043454441464 117.063937582694 21.8688898785029 21.8723914719973 280.322025524207 2.44945281409978 4139.38912321276 -511793.270185136 -438282.604244345
11300 0.112999999999999 0.00456360242257268 0.0164755705843584 15.3992446340567 137.647119440608 135.092662753436 116.932108824155 22.2566926968413 22.2602571087871 279.503580277757 2.45028579570588 4127.30351080052 -511532.861926603 -437647.653916469
11400 0.113999999999999 0.00823534097444481 0.0103072587248941 15.4476218504954 137.706059397524 135.158586844757 116.800280065616 22.654008328798 22.6576417101853 279.239457778109 2.45080544530868 4123.40333278136 -511279.115349544 -437205.088709044
11500 0.114999999999999 -0.00213046231892334 -0.00561904352650582 15.5115825034944 137.772325772909 135.217725077749 116.668451307077 23.0489319305555 23.0526327324731 278.581721047392 2.45132201662266 4113.69083065465 -511018.555284227 -436798.649936368
11600 0.115999999999999 0.0178118283872356 0.0169804842000472 15.5352684594841 137.832475250719 135.278577225286 116.536622548538 23.4439613596931 23.4477307325929 277.696762533555 2.45192060929602 4100.62304677352 -510753.304585986 -436264.182367335
11700 0.116999999999999 -0.0108382350980806 -0.00874764608196151 15.6285152668853 137.888219828 135.342367869978 116.404793789999 23.8591918439237 23.8630313936049 277.454201858868 2.4525485469439 4097.04126251435 -510496.329206316 -435853.140010955
11800 0.117999999999999 0.00874343348287339 0.0120542574034594 15.642486467554 137.956923417989 135.403163229502 116.27296503146 24.3320439419966 24.3359534136087 277.352327896976 2.45300455991812 4095.53693559246 -510240.114954238 -435365.92832901
11900 0.118999999999999 -0.00135171386958802 -0.00490085381173588 15.6958525999491 138.018787118001 135.465954096904 116.141136272921 24.8374105844388 24.8413912482457 275.657119631515 2.45355035961348 4070.50455848079 -509959.358382863 -435007.060347727
12000 0.119999999999999 0.0267729387021978 0.0162485473757333 15.7087832444286 138.080040932363 135.527301727863 116.009307514382 25.3164539950215 25.3205059815512 275.582688858039 2.45413743635884 4069.4054727647 -509701.445836327 -434486.244714601
12100 0.120999999999999 -0.0147002292756232 -0.00989647882494975 15.7697507451677 138.153383803895 135.59353429999 115.877478755843 25.7850084732331 25.7891343115761 275.271444488506 2.45442558219161 4064.8094673117 -509439.189733626 -434266.972525376
12200 0.121999999999999 0.0198281256085828 0.0328083886587929 15.7805479578857 138.207574658913 135.649619360891 115.745649997304 26.2149401106371 26.2191365816359 274.402050822883 2.45524203225968 4051.97152253536 -509167.463193571 -433634.303462172
12300 0.122999999999999 -0.0001837575532388 -0.00631277377950937 15.8179148354011 138.27834237207 135.724542767095 115.613821238765 26.6718559188733 26.676130724539 274.241590319827 2.45542744706206 4049.60207454136 -508905.382230505 -433478.248726637
12400 0.123999999999999 0.0128213478876882 0.0141451402381608 15.8125618505192 138.346314068158 135.785207284135 115.481992480225 27.1038693100848 27.10821787244 272.018412667362 2.45592495989512 4016.77341123396 -508612.080856731 -433105.363926961
12500 0.124999999999999 0.00628088299191037 -0.000341960938443426 15.8412063618546 138.413917710721 135.851779713472 115.350163721686 27.5609954515994 27.5654206188709 272.771451277503 2.45632656450803 4027.89319330013 -508362.097142449 -432821.576285603
12600 0.125999999999999 -0.00108797132428241 0.00629565243963514 15.8228598379314 138.482509661176 135.923953666451 115.218334963147 28.0666938888261 28.0711984778968 272.014626168391 2.45661384364087 4016.71749770869 -508089.308656657 -432654.407477987
12700 0.126999999999999 0.0247962812293005 0.0156363269704775 15.8022616010343 138.539187779128 135.990558768421 115.086506204608 28.6007530015161 28.6053354626983 271.359155277892 2.4572175721897 4007.03845422419 -507817.647165242 -432343.990986325
12800 0.127999999999999 0.00315282107653909 0.00238159786042553 15.7272579217017 138.627380413498 136.060720958297 114.954677446069 29.1487830852947 29.1534458566552 270.024703322887 2.45720268995134 3987.33320310213 -507536.24036869 -432577.628484609
12900 0.128999999999999 0.0132842262321271 0.015193194364349 15.647659863814 138.681820522783 136.120223116051 114.82284868753 29.6339691747954 29.6387083887287 269.966288395988 2.45798319917157 3986.47061618058 -507274.301417139 -432594.580528706
13000 0.129999999999999 -0.00537939255818173 -0.00462209740392114 15.4973504839955 138.746294826625 136.190836987102 114.691019928991 30.1348995282322 30.1397203195836 270.129738464641 2.45838963221199 3988.88420974358 -507016.925219205 -433197.698720354
13100 0.130999999999999 0.00519673899824009 -0.0051901733558272 15.2606701091059 138.796207784239 136.239437608682 114.559191170452 30.5838620563942 30.5887561837958 272.646577222611 2.45945585880143 4026.04923436174 -506797.154203828 -433992.62709232
13200 0.131999999999999 -0.0200821897784822 -0.0157665061032488 14.9385057417944 138.834891826496 136.26590991264 114.427362411913 30.9950182797477 30.999977304449 277.57065153499 2.46112504284654 4098.76082244491 -506617.136431614 -435399.012129348
13300 0.132999999999999 0.00201224951827315 0.0214727792287389 14.4151436268488 138.854259128221 136.268308777824 114.295533653374 31.3857566267126 31.3907711226961 284.912767279885 2.46357666913193 4207.17853952922 -506479.864682269 -437307.951912472
13400 0.133999999999999 -0.00833488563722717 -0.0234575149948327 13.9363424962578 138.829008955112 136.253865606896 114.163704894835 31.7541613674627 31.7592244529984 296.005274509331 2.46713153073556 4370.97659888209 -506407.177818238 -439564.628561859
13500 0.134999999999999 0.0144043778313323 -0.0083289258032967 13.2750858493307 138.800410581381 136.224555883502 114.031876136296 32.1426939809517 32.1478001305562 307.199730981527 2.47102416504723 4536.28009679536 -506347.977622738 -442234.940358222
13600 0.135999999999999 -0.0196155996618132 -0.0249567517506331 12.7422704059396 138.784131301963 136.179421024667 113.900047377757 32.5436532262657 32.5487968112282 315.504136534586 2.47499436375461 4658.90751416222 -506258.920313692 -444731.93054726
13700 0.136999999999999 0.00154880668019823 0.00525521528753093 12.2892577409525 138.766708488303 136.11400731609 113.768218619218 32.9226263512448 32.9277999578577 321.347510338497 2.47936432842872 4745.19398388055 -506146.962454614 -446429.521491686
13800 0.137999999999999 -0.0127414322101085 0.00260616626108377 11.8330388215522 138.788294364211 136.110637360945 113.636389860678 33.4040292294466 33.4092581061568 326.912992847483 2.48191600398859 4827.37695797988 -506044.515793833 -448414.592175328
13900 0.138999999999999 0.00630294299594374 -0.0106873617718505 11.6532573815668 138.789376775805 136.084757571707 113.504561102139 33.8244466975315 33.8297222321161 331.353650579589 2.48525176267356 4892.95015110239 -505939.19419305 -449090.76898005
14000 0.139999999999999 0.00232403910006342 0.0088290916908163 11.4490027556517 138.858180089761 136.068708204331 113.3727323436 34.2862089201475 34.2915362323637 335.167181897433 2.48720206457005 4949.26285085759 -505837.076378724 -449814.121045872
14100 0.140999999999999 0.0168978822109594 0.0280161175814326 11.38263857591 138.880581258741 136.064409541462 113.240903585061 34.7339981672072 34.7393816431727 336.497516432683 2.4897745354941 4968.90730189617 -505707.361426235 -449862.682534106
14200 0.141999999999999 -0.0179823542609773 -0.0316853572758534 11.2644997359031 138.931178819437 136.094323600836 113.109074826522 35.2515356793157 35.256989380142 340.6687808027 2.49122085857882 5030.50248454729 -505625.298665199 -450695.049234111
14300 0.142999999999999 0.0359596995718454 0.0557568851472545 11.2060254024883 138.978747748119 136.081705629013 112.977246067983 35.7399931418582 35.7455009196984 341.434276430619 2.49350527531181 5041.80621378565 -505495.64186777 -450231.23907938
14400 0.143999999999999 0.0299400917634491 -0.00748002352681835 11.1460192298792 139.021593368188 136.104204666424 112.845417309444 36.2977778583748 36.3033537290196 345.757456502856 2.49523631833313 5105.64466720451 -505420.70525966 -450701.52670657
14500 0.144999999999999 -0.0196913445220476 -0.0234771408283585 11.0681384637621 139.060822605826 136.125856376685 112.713588550905 36.8915129837804 36.8971570116662 346.697850487041 2.49705275490931 5119.53104171394 -505297.956996216 -451238.027665371
14600 0.145999999999999 0.0127844292432119 0.0410700457180269 10.9460178345825 139.108866666505 136.123426818403 112.581759792366 37.4987249144385 37.5044282282685 347.032897729568 2.49915789142866 5124.47853347412 -505168.515594444 -451256.179120187
14700 0.146999999999999 -0.00892489820863594 0.00166874734954439 10.9420911207343 139.144690749587 136.145802485395 112.449931033827 38.1201206389675 38.1258932005488 350.261980076281 2.50103243683985 5172.16093844728 -505083.642793398 -451448.435478629
14800 0.147999999999999 -0.00913929576665001 -0.0292561130093964 10.8326792436315 139.193991215838 136.184129422531 112.318102275288 38.7524309652304 38.7582796874343 350.77467693067 2.50237659845897 5179.73170203104 -504960.196395629 -451966.036634972
14900 0.148999999999999 0.0365406008204989 0.0382077734635995 10.8197141830396 139.239787912718 136.15429505532 112.186273516749 39.2933277513084 39.2992261808318 351.475349391296 2.5050418884638 5190.07821674756 -504841.204967781 -451444.291656175
15000 0.149999999999999 -0.00147171122012247 -0.0138327081192242 10.7294817910382 139.295271340979 136.196074610539 112.05444475821 39.9183261434539 39.9243030355336 351.924269431578 2.50622098121745 5196.7072168358 -504719.621876695 -452136.126671686
15100 0.150999999999999 -0.0116256093302903 -0.015384674417511 10.7189581003201 139.31050087748 136.237135052481 111.922615999671 40.5174312381694 40.5234862584334 352.093035706865 2.5081424888726 5199.19931242829 -504595.222557433 -452143.780459999
15200 0.151999999999999 0.0368571820029892 0.0455658106121683 10.686609727085 139.331110162057 136.261241100937 111.790787241131 41.1002085403621 41.1063355001261 351.92043570914 2.51028459810156 5196.65060598287 -504466.537653112 -451717.586062911
15300 0.152999999999999 -0.0170905448513369 0.00386215972531169 10.6537569102733 139.393437451147 136.297052881936 111.658958482592 41.7363411548132 41.7425457843756 351.991109212942 2.51146452441936 5197.69420978956 -504342.228420198 -452181.737277401
15400 0.153999999999999 0.00553299845375673 0.0145748279990227 10.6451886126527 139.424788600796 136.329878789865 111.527129724053 42.328669306649 42.3349504507048 352.765037272958 2.51326246506529 5209.12245695561 -504229.058837313 -451981.498843049
15500 0.154999999999999 0.00376203148236229 -0.00112601630915572 10.6204460602569 139.453710445446 136.38156466222 111.395300965514 42.9216418775006 42.9280076242136 353.042444289963 2.5147614827092 5213.21880146063 -504109.301453189 -452071.756230226
15600 0.155999999999999 0.0156152714487037 -0.0178173271234464 10.5628278441529 139.493385976938 136.422439844297 111.263472206975 43.5009945530736 43.5074412081706 352.737447124678 2.51627079078855 5208.71504565968 -503981.334244999 -452251.508055738
15700 0.156999999999999 -0.0421794278209149 -0.00854887180664422 10.5834841444135 139.548388225766 136.446233289146 111.131643448436 44.0646231606489 44.0711444517443 353.137998742047 2.51782360602987 5214.62981102683 -503864.447686599 -452280.093145732
15800 0.157999999999999 0.0148449418169626 0.0100674995649557 10.5235060594829 139.572661864578 136.498323854056 110.999814689897 44.6363873121719 44.6429948948553 351.552297354303 2.51941366346889 5191.21447266798 -503718.680543925 -452118.096060392
15900 0.158999999999999 0.0267407115984175 0.01383164227274 10.5637899053106 139.62641435854 136.532252962974 110.867985931358 45.2399433437204 45.2466306827357 350.610620910261 2.52081174486449 5177.30916065132 -503582.56529963 -451775.628930388
16000 0.159999999999999 -0.00176613443279092 -0.032120463104429 10.5147928212145 139.688226835885 136.570248828034 110.736157172819 45.8887002460986 45.8954696439162 351.465475988784 2.52199406485697 5189.93242065861 -503473.223301175 -452218.131655146
16100 0.160999999999999 0.00852332716134915 0.0304774522717504 10.5116331407691 139.719147542072 136.606052966666 110.60432841428 46.5200395221116 46.5268900935677 350.77038644391 2.52377956887924 5179.66834634504 -503340.967100907 -451822.482452266
16200 0.161999999999999 -0.00574641248014801 0.0109076882642059 10.4894913866638 139.754209194485 136.667496767728 110.472499655741 47.1885794153912 47.1955225324287 351.196709641839 2.52502159041023 5185.96366903751 -503225.69753839 -451969.461995346
16300 0.162999999999999 0.000399063075988311 0.0177432822125198 10.5226504067259 139.797340743303 136.716824474869 110.340670897202 47.8405659033967 47.8475971622619 350.280311550213 2.52634652925697 5172.43163106826 -503090.616910584 -451669.631637946
16400 0.163999999999999 0.0248606951225567 0.0295362384706381 10.4930043079332 139.846118042253 136.75852897631 110.208842138663 48.4590027502017 48.4661195303183 350.801512204355 2.52771518805713 5180.12796643375 -502977.180778824 -451544.561386288
16500 0.164999999999999 0.0126611906996467 0.0221416106406437 10.4892162819821 139.890239699735 136.821450380383 110.077013380124 49.1092694474483 49.1164813425006 349.34833682363 2.52878072082274 5158.66957994469 -502834.197982037 -451545.018326952
16600 0.165999999999999 0.0110160917596398 0.0131922260459035 10.5081406755968 139.926775001846 136.870163255675 109.945184621584 49.7387049596956 49.7460063147073 349.54136851343 2.53025091663168 5161.51999198669 -502715.825120982 -451414.107332501
16700 0.166999999999999 0.0187931103728709 0.0136395918785187 10.5064772022598 139.958451787904 136.925015852344 109.813355863045 50.3794336809735 50.3868276584164 350.553266844708 2.53170046004347 5176.46223899157 -502609.323848266 -451290.35608199
16800 0.167999999999999 -0.0121879419670539 -0.0110914242602376 10.4942600047003 140.015100913866 136.980295366691 109.681527104506 51.0541095957761 51.061597371558 348.314612937261 2.53269532741871 5143.40504479573 -502454.43864188 -451483.951149289
16900 0.168999999999999 -0.0234699772983077 0.0389145286973932 10.5101215134632 140.066037606078 137.002571192744 109.549698345967 51.6905512674867 51.6981187130308 348.859061918137 2.53440879498272 5151.44467773349 -502341.16269307 -451154.882461394
17000 0.169999999999999 -0.0126153802288279 -0.0071336133550608 10.4827296221781 140.117403893102 137.076787490465 109.417869587428 52.3950073784065 52.4026780730005 348.705501223185 2.53515874692396 5149.1771160988 -502217.73866958 -451320.988045467
17100 0.170999999999999 0.00694172619844338 -0.0206053091329072 10.411054664423 140.150299304954 137.117992253757 109.286040828889 53.0304119311178 53.0381714507566 349.241083147156 2.53685851125117 5157.08581320002 -502104.711044765 -451517.290647398
17200 0.171999999999999 0.0194132565583937 0.00389086808901593 10.4185269729888 140.206233478257 137.167908757945 109.15421207035 53.6809645736037 53.6888177470586 347.965192765434 2.53798513859184 5138.24531446063 -501964.734809081 -451222.231818258
17300 0.172999999999999 -0.0267460690852433 0.0262453916615123 10.4211145169998 140.253452731899 137.239834445061 109.022383311811 54.3564094591089 54.364366734034 347.230004327162 2.53886725913129 5127.3891178446 -501833.369638325 -451210.201168717
17400 0.173999999999999 0.00809337593208158 0.0260053395225856 10.3711868143664 140.277147248117 137.316141142411 108.890554553272 55.00955788378 55.0176216023739 347.4549398497 2.54009926340004 5130.7106394185 -501716.596742469 -451179.063238068
17500 0.174999999999999 0.019384535172495 -0.022471969202666 10.4088482484089 140.342180473355 137.355462143044 108.758725794733 55.6698767878605 55.678031231523 347.359540722834 2.54127198421438 5129.30192346987 -501594.694362482 -451077.450360643
17600 0.175999999999999 0.0188684748656035 -0.00181547147265362 10.4191009913185 140.395037904467 137.403012908715 108.626897036194 56.3466709284765 56.3549202330113 346.736484342168 2.54251793734577 5120.10153045595 -501464.711970653 -450846.406298884
17700 0.176999999999999 0.0146131365171027 -0.00628254810617424 10.424423312027 140.460957003148 137.461115731154 108.495068277655 57.080273762584 57.0886236512189 346.201284675889 2.5433371127306 5112.19847798194 -501335.778455768 -450754.848728794
17800 0.177999999999999 -0.0226338205782459 0.0183331423746564 10.4149011122286 140.513853849692 137.510036160645 108.363239519116 57.8038023001767 57.8122488275684 346.329849105627 2.54456701070552 5114.09693102391 -501216.850329664 -450752.503193945
17900 0.178999999999999 -0.00495522408140247 0.0265232539488795 10.3934851358943 140.545903454237 137.564412430542 108.231410760577 58.5266826357808 58.5352285867068 345.668018004556 2.54607859205386 5104.32396917385 -501085.844737064 -450638.809252287
18000 0.179999999999999 -0.0179636529033107 -0.0292681688002932 10.4086738717553 140.618597055451 137.627753838918 108.099582002037 59.3127610408211 59.3214120093833 346.467457419775 2.54669312815217 5116.12893103455 -500976.576398675 -450762.021160975
18100 0.180999999999999 0.000813383595477716 0.00999721802630201 10.3867370922303 140.683280005078 137.680377240276 107.967753243498 60.0715925613515 60.0803438927986 346.596970491254 2.54765617991648 5118.04139224195 -500857.553183314 -450501.042077658
18200 0.181999999999999 0.0259567117824627 0.0470744938808343 10.381944296647 140.71497660282 137.745628992532 107.835924484959 60.7929926341122 60.8018504500121 345.972884163173 2.54898804457196 5108.82579045834 -500727.59040804 -450154.2014519
18300 0.182999999999999 0.00236049688182933 -0.0228191507001526 10.361961360674 140.775270877329 137.812034573891 107.70409572642 61.5415883223205 61.5505543663131 346.15078416552 2.54978568671939 5111.45275968545 -500609.880980467 -450541.381653685
18400 0.183999999999999 0.0324181648395298 0.0110532602214476 10.354165186787 140.81397617576 137.861802230457 107.572266967881 62.2259586416845 62.2350249913539 345.586009727962 2.55128737099017 5103.11298988134 -500481.298734555 -450203.716627154
18500 0.184999999999999 -0.00708234827064141 -0.0147130521155136 10.3458378466701 140.879105303011 137.942312247689 107.440438209342 63.0025850695945 63.0117680339613 345.05845939997 2.55174666815242 5095.32289174133 -500353.104336452 -450411.129436092
18600 0.185999999999999 0.0258957755884225 0.0316582754708094 10.3413050595455 140.917166313423 137.986180739392 107.308609450803 63.6997176895377 63.708999206773 345.865970348257 2.55337940440931 5107.24704229628 -500245.03102974 -449995.020169428
18700 0.186999999999999 0.000296254326953575 0.0169598051298741 10.2976466146008 140.988217224423 138.034090355531 107.176780692264 64.4398909594924 64.4492742027728 346.593161702326 2.55434485241106 5117.98514957092 -500135.847979339 -450256.489073803
18800 0.187999999999999 0.0152358332465567 -0.0403804348625978 10.3069234577354 141.04619868899 138.098928014495 107.044951933725 65.19329568993 65.2027895380532 344.833829181869 2.55523900840296 5092.00587846058 -499989.992630047 -450295.966402958
18900 0.188999999999999 0.0105352638576555 -0.0319289226726482 10.2594841088491 141.116616839195 138.147890122269 106.913123175186 65.9520897106201 65.9616869696025 345.644854463017 2.55620679375638 5103.98192358638 -499882.325573874 -450382.656846101
19000 0.189999999999999 -0.0081244676129832 -0.00974257145841388 10.2653176556327 141.173880799919 138.214077925319 106.781294416647 66.7213250791454 66.7310348939076 347.047002041008 2.55709933006624 5124.68680549005 -499784.089157293 -450238.636972327
19100 0.190999999999999 -0.0168978487433705 0.0136447435550418 10.2686280711875 141.225085383702 138.294997066452 106.649465658108 67.5150736596477 67.5249042138888 346.981569717755 2.55783434483062 5123.72059583645 -499664.414516115 -450055.016867295
19200 0.191999999999999 0.00535750875848418 0.0439629153643778 10.1620686451528 141.262342522005 138.362327416744 106.517636899569 68.2775722627527 68.2875169856817 345.57224216909 2.55907861833197 5102.90969053895 -499525.278793145 -450192.159525572
19300 0.192999999999999 0.00169013790825221 -0.0553402215639952 10.2355833115148 141.320281895913 138.445861023523 106.38580814103 69.0980286177326 69.1080971236378 346.42767624198 2.55965389024717 5115.54150029532 -499420.365959887 -450212.113528908
19400 0.193999999999999 0.0345847279125067 0.0374077124542972 10.2073638851273 141.398601183779 138.476991122153 106.253979382491 69.8759475074639 69.8861132383933 347.160249586814 2.56083429977366 5126.35908100412 -499313.464264186 -449693.023854679
19500 0.194999999999999 0.00254762955958088 0.0162492250550693 10.1861890680528 141.468875024199 138.559820845292 106.122150623951 70.7298231931878 70.7401139800143 348.024659174006 2.56120981832955 5139.12342813857 -499209.169177792 -449904.352315253
19600 0.195999999999999 0.0157360419879019 0.0202927494250766 10.1652426108121 141.529412594356 138.64379558436 105.990321865412 71.5814869568791 71.5919040443077 349.337212931878 2.56174595570824 5158.50531844423 -499112.157720487 -449813.274765018
19700 0.196999999999999 0.0494372103549536 0.0311173450069701 10.0906029238736 141.589216074136 138.715015222654 105.858493106873 72.4178936511173 72.4284309299147 348.444055800822 2.5625364707783 5145.31646927442 -498983.361872631 -449841.5458025
19800 0.197999999999999 -0.0193597639912131 0.00842227593897305 10.0960375620125 141.67063451482 138.81702599576 105.726664348334 73.3388945336086 73.3495700306914 350.253325168867 2.56237275718192 5172.03313532677 -498895.339645746 -450096.270798652
19900 0.198999999999999 -0.00424447309079787 -0.0125133667286636 10.0479436427408 141.728127882875 138.896728839509 105.594835589795 74.1855066215815 74.1963085187894 350.897815505675 2.56305937586207 5181.55003391941 -498790.721927707 -450226.988178749
20000 0.199999999999999 0.0156097102609435 -0.00615775467518565 10.0544252131193 141.770242536554 138.988905564924 105.463006831256 75.035873246861 75.0468089786369 351.489879193154 2.56379943201921 5190.29277178889 -498686.076358442 -449984.781836514
