# Fix print output for fix def1
100 0.000999999999999502 -0.0175816838708441 -0.0166967303796696 0.0164271579470647 92.1938875618649 92.023929871607 91.964542988307 49.8213360723675 49.9508568586192 299.018041027274 2.34120419856341 1513.84823455317 -179772.227950487 -178287.357187914
200 0.00199999999999947 -0.00878252903193704 0.0618454702792615 0.158910604031389 92.2880590969873 91.9497604104851 91.8724863887192 49.7388054913253 49.8688650400039 301.385946793041 2.3430471652459 1525.83630708143 -179784.591066906 -177914.934364105
300 0.00299999999999943 0.00094391436366809 0.0118371989191013 0.225153644950437 92.2740139908715 92.0398665292458 91.7804297891313 49.7586126838553 49.8887008234372 300.148001818882 2.34345778740368 1519.56892332369 -179778.436570355 -177873.005871777
400 0.0039999999999994 0.0408948590739864 -0.0297040441250348 0.363209594275717 92.2832328454936 92.0663945575297 91.6883731895434 49.7542957001012 49.8846177501205 297.992320190368 2.34490046149092 1508.65528474733 -179766.898102363 -177651.446542765
500 0.00499999999999967 -0.0144602376611766 0.0276674815178902 0.419388327238869 92.4024888288058 92.0182531668724 91.5963165899554 49.7200949178584 49.8508623250834 298.097384653836 2.34545417623529 1509.18719797901 -179766.409176076 -177556.273463569
600 0.00599999999999964 -0.017783419310325 -0.00251575599361384 0.526717645821131 92.4515495665015 92.031637087086 91.5042599903676 49.7133619404062 49.8443948464304 301.073701149808 2.3462266318715 1524.2554910406 -179779.919364198 -177435.367898414
700 0.0069999999999996 0.0337156406308789 0.00809119687916698 0.612532204463993 92.4354381037782 92.0736627890963 91.4122033907797 49.7008886230798 49.8321148078435 299.254759512392 2.34792658935877 1515.04667682625 -179768.529798974 -177194.352991926
800 0.00799999999999957 0.00714514273884169 -0.0168605722745885 0.675389330102537 92.5078943220061 92.0789943427015 91.3201467911918 49.6872758600775 49.8187880315509 297.34256249471 2.34831661849234 1505.36573560481 -179756.157914569 -177173.494109773
900 0.00899999999999953 -0.0237545870998185 0.0167918598638298 0.779346133766758 92.5895395382179 92.0447894236712 91.2280901916039 49.676903779652 49.8088318674244 298.065129802812 2.34948620503116 1509.02390030938 -179756.432973491 -176998.039172274
1000 0.0099999999999995 0.00309024950514324 0.0147276720833612 0.85130887924184 92.6066131868546 92.0763911689812 91.136033592016 49.6698695491436 49.8020166470983 297.893183645823 2.35061877886283 1508.15338298106 -179751.607690332 -176838.274357892
1100 0.0109999999999995 0.019724412768045 -0.0385056515128937 0.943953752282683 92.6326966762726 92.1184969702685 91.0439769924281 49.6880060453081 49.8203349607227 297.594644202935 2.35125777471685 1506.64195776067 -179745.373872127 -176743.345329354
1200 0.0119999999999994 0.0114590165900806 0.0321204212757618 1.00179692683926 92.7090063795202 92.0782971491446 90.9519203928402 49.6898668884923 49.8226361865228 297.718092569541 2.35272700023469 1507.26694376888 -179740.628215024 -176544.740436126
1300 0.0129999999999994 -0.0283321527112648 -0.000326759068400816 1.06890416536628 92.7783558435313 92.0850623356914 90.8598637932523 49.6835887478935 49.8166451193804 298.888833271218 2.35317743719858 1513.19409029911 -179740.469523823 -176547.264645251
1400 0.0139999999999997 0.0244671094380367 0.0122457771545771 1.15502968188471 92.7743876739216 92.1145100058196 90.7678071936644 49.6894450411327 49.8227378234395 297.715653993307 2.35491170787805 1507.2545979107 -179727.884006928 -176297.365743884
1500 0.0149999999999996 -0.0111164513887437 -0.0339638599185054 1.20473887225452 92.8347505692395 92.1412689457036 90.6757505940765 49.705400783288 49.8389187120354 298.162507276067 2.35508557487348 1509.51689636897 -179722.985558165 -176342.12112709
1600 0.0159999999999996 -0.0144922989133937 0.00427014491472281 1.26057238663768 92.9040531168252 92.1061146220344 90.5836939944886 49.6899656198385 49.8239131247222 296.703089264215 2.35661948605168 1502.12825395419 -179708.115721952 -176189.60358163
1700 0.0169999999999996 -0.013531159770873 -0.00342610866018641 1.32167926614044 92.9434531438949 92.1329768470148 90.4916373949007 49.7096105793775 49.8437914878601 296.734818451075 2.35732933902908 1502.288890327 -179700.650178774 -176094.928077906
1800 0.0179999999999995 0.0326129199782148 0.0195551690879267 1.40573830622439 92.9461433641712 92.1522612004586 90.3995807953128 49.7165889166939 49.8510410635311 298.572784135953 2.35916778096694 1511.59401819708 -179702.250550495 -175842.09568817
1900 0.0189999999999995 -0.0287319547080391 -0.0264320659697664 1.42361634285355 93.0398154286473 92.1572806538829 90.3075241957249 49.7314152472291 49.8661580816681 298.004858017975 2.35906652415952 1508.71876040961 -179691.694132964 -175978.42266647
2000 0.0199999999999995 0.0146634667919135 0.0632192585015997 1.4992431808437 93.0813619533884 92.1198738740899 90.215467596137 49.7430516173309 49.8782439143761 296.257425220826 2.36137818673468 1499.87197629626 -179675.09854397 -175636.991605997
2100 0.0209999999999994 -0.0111100368001137 -0.0356015056308629 1.56011767318548 93.115033961328 92.18468410351 90.1234109965492 49.7426586150669 49.8779631868075 299.169108474166 2.36127417381208 1514.61304856569 -179681.984796163 -175731.58044635
2200 0.0219999999999997 0.0361593623694925 0.0274366012266276 1.62243632380251 93.1367323193551 92.1756293742152 90.0313543969612 49.7793109545619 49.9149782935219 297.732539425965 2.36337002777685 1507.34008433263 -179666.662752324 -175448.100124903
2300 0.0229999999999997 -0.0372624404459397 -0.0219450732087271 1.65352309527716 93.2341857729846 92.1702092836292 89.9392977973733 49.8167725639228 49.9527681844237 296.838208742928 2.3634551586574 1502.8123276763 -179653.81237505 -175587.35480679
2400 0.0239999999999996 0.0176089292618177 0.0356629474188316 1.67917612422595 93.2491606777998 92.1783258649896 89.8472411977855 49.8259807513362 49.9622856758771 297.546532037859 2.36528850568854 1506.39837875818 -179648.837334008 -175358.837273355
2500 0.0249999999999996 0.0108662316850424 -0.0336097059778148 1.75945577580302 93.2782431008878 92.2143925425866 89.7551845981976 49.8343490763832 49.9708668607068 296.601657331889 2.36605046703648 1501.61473125452 -179635.125172058 -175343.955752187
2600 0.0259999999999996 -0.00501791332041771 0.0263098914724909 1.75702720854686 93.3512045085276 92.1937871468432 89.6631279986097 49.8536645761827 49.9905714059252 297.121534683537 2.36715746493402 1504.24673101037 -179628.490911751 -175269.195162183
2700 0.0269999999999995 0.00233775273496393 0.00456237823364807 1.82126298428019 93.400817388926 92.1954927749849 89.5710713990218 49.8728824744831 50.0101120631567 296.653800904763 2.36828780984029 1501.87872019468 -179616.45689741 -175180.906782608
2800 0.0279999999999995 0.00230755910023809 0.00640503299609596 1.81952702459547 93.4285434527968 92.2260858103261 89.4790147994339 49.9012819464495 50.038745542232 294.762674334051 2.36923460036654 1492.30445300146 -179596.921794819 -175171.99558369
2900 0.0289999999999995 -0.00165800350042153 -0.0230386590804833 1.89166906659912 93.4760824857653 92.2325136706486 89.386958199846 49.9389745599773 50.076747546527 296.253252401854 2.37030323227103 1499.85085043171 -179594.268650769 -175101.016153817
3000 0.0299999999999994 -0.00271312553323603 0.0324309691714409 1.87723628859317 93.5310454885066 92.225144016698 89.2949016002581 49.9956069637783 50.133733931797 297.592848431732 2.37154200556735 1506.63286625215 -179590.596282751 -175028.054335501
3100 0.0309999999999997 0.00491905472375232 -0.0288214640058656 1.95436317611756 93.5688443319297 92.2421356939158 89.2028450006702 50.0317202590535 50.1701260717843 296.859107780675 2.3725932713727 1502.91813390555 -179576.177528824 -174981.051471256
3200 0.0319999999999997 -0.00387456423799401 0.0138646151181854 1.91198111618764 93.6102684441059 92.2554139261728 89.1107884010823 50.0613115295347 50.2000083486021 295.435841027755 2.37365161403181 1495.7125156298 -179558.121457775 -174985.172304136
3300 0.0329999999999996 -0.00692632957919183 -0.0310931644413512 1.99847332998928 93.6612848472467 92.2589535452665 89.0187318014944 50.1028725513608 50.2418908773711 296.015192201042 2.3747209146342 1498.64561541151 -179550.003047266 -174913.920197874
3400 0.0339999999999996 0.00225446863813183 0.0396841408608825 1.97518170183791 93.7086526611484 92.2585908100014 88.9266752019065 50.1478301642658 50.2871848640281 296.56901667192 2.3759869439036 1501.44948033756 -179541.636968544 -174813.783424621
3500 0.0349999999999996 0.00620529291898918 -0.0214990008522813 2.0439555447904 93.7435274509065 92.2756620445493 88.8346186023186 50.1816621319414 50.3212996534002 296.84811428404 2.37712441221842 1502.86247677725 -179531.756856748 -174785.582218489
3600 0.0359999999999995 -0.0156222849600262 0.00175483780455161 2.01511929529829 93.7973390929077 92.2876301030587 88.7425620027307 50.2164812280425 50.3564141651513 295.376251760805 2.3779167218428 1495.41083113524 -179512.867642322 -174819.032275022
3700 0.0369999999999995 -0.00197762293422811 -0.0107717213824945 2.09488628968975 93.8413634274642 92.2839055993957 88.6505054031428 50.251039577506 50.3913235575972 295.068871604572 2.37936530323371 1493.85464775161 -179499.79122476 -174680.266449849
3800 0.0379999999999995 -0.000726796273130321 0.00414023187489368 2.0662789983282 93.8873761845234 92.3009441350265 88.5584488035549 50.294219293248 50.4347857661898 296.94190451334 2.38023188720629 1503.33731158172 -179497.619770977 -174689.692748161
3900 0.0389999999999994 0.0134401419194847 -0.00992035132292886 2.13914772109731 93.9312598040891 92.3026549029162 88.466392203967 50.3327365014824 50.4736377475736 296.983290503471 2.38155139961835 1503.54683776241 -179486.135074731 -174563.377812471
4000 0.0399999999999997 0.00328174637095567 0.0251957127674461 2.09249402443672 93.9807942861424 92.3144597151483 88.3743356043791 50.3943644258858 50.5355663490983 297.040584273156 2.38247092982183 1503.83690076928 -179474.602943597 -174587.483852773
4100 0.0409999999999997 0.0106304508764334 -0.00874667691727896 2.17084100663379 94.0182398848029 92.320643770815 88.2822790047912 50.4339677165984 50.5754929981971 296.132836048964 2.3838456863797 1499.24121469667 -179458.128454362 -174495.049160929
4200 0.0419999999999996 -0.00322575796573578 0.00872884958341117 2.12382302754994 94.0661279918679 92.3301948650133 88.1902224052033 50.4787411044929 50.6205767182445 296.315462325751 2.38487245612411 1500.16580261031 -179447.040577387 -174553.685958596
4300 0.0429999999999996 -0.00178056467816262 -0.0149777530575874 2.16622490996658 94.1154200292852 92.338599077941 88.0981658056155 50.5386278151416 50.6807780882089 296.45675256709 2.38589695431625 1500.88111725045 -179435.712478635 -174511.018491458
4400 0.0439999999999996 9.40606641995766e-05 0.0205218250631551 2.16710532307725 94.1582199328929 92.3432868473424 88.0061092060276 50.6045685331164 50.7470483119362 297.269830755424 2.38718582065065 1504.99751429369 -179427.710022939 -174439.846600824
4500 0.0449999999999995 -0.00175128269330581 -0.00822198064300951 2.18471331802874 94.2048125532693 92.3579681341579 87.9140526064397 50.6647251918238 50.8075012875367 296.490820940122 2.38812390242741 1501.05359629616 -179411.572957692 -174449.679523282
4600 0.0459999999999995 -0.0093037450337167 -0.00123541352386835 2.18406736260099 94.2528442613724 92.3644074086331 87.8219960068518 50.7420586271014 50.8851588545904 297.417445681084 2.38924232175026 1505.74484911616 -179404.017512544 -174440.980479414
4700 0.0469999999999994 -0.000906795012954409 -0.0148883656289777 2.1979789397379 94.293683012989 92.3778328029118 87.7299394072639 50.8098124046957 50.9532162967205 296.287149664683 2.39036608032913 1500.02246319231 -179386.050888085 -174416.60018598
4800 0.0479999999999996 -0.000533938023649228 0.0150657499670616 2.20536894538974 94.3407118127334 92.3785274340449 87.637882807676 50.9052957102101 51.0490447370398 297.188481144325 2.39166613701321 1504.58566300633 -179378.330608032 -174346.269427838
4900 0.0489999999999997 -0.00162888451821696 -0.0135070151621794 2.24305562905218 94.3854618358716 92.3921912983749 87.5458262080881 50.9599280023364 51.1039806820324 298.222951988035 2.39269199712745 1509.82291175248 -179371.255848656 -174322.732939592
5000 0.0499999999999997 0.00521849434191374 0.00907944910803565 2.20600626522984 94.4324294196301 92.404177604308 87.4537696085002 51.0361583001589 51.1805205306437 299.46186932679 2.39370877856118 1516.09521833167 -179365.252093201 -174324.050938151
5100 0.0509999999999996 0.0132359887443085 0.00250999622668235 2.27000345490028 94.4802056278004 92.402777348563 87.3617130089123 51.0760679796612 51.2207847131711 298.968758252519 2.39505570842237 1513.59872906748 -179350.41073121 -174209.841647239
5200 0.0519999999999996 0.00370818249465338 0.0117672071883021 2.24350157264362 94.525360632615 92.4150816853621 87.2696564093244 51.1453821244447 51.2904095422113 298.789438364898 2.3961177408218 1512.69088051639 -179337.149665635 -174241.55908615
5300 0.0529999999999995 0.00505108304760378 -0.00991611070449202 2.2866553141323 94.5698861655293 92.4224853319514 87.1775998097365 51.1844438708015 51.3297991916479 299.360621087846 2.39732656827869 1515.58262562238 -179327.734169078 -174194.89315977
5400 0.0539999999999995 -0.00115372969196309 0.00372127339659324 2.25625621393327 94.6141120012007 92.439159559729 87.0855432101486 51.2751288631946 51.4207823961687 298.860715856723 2.39830627816849 1513.0517393622 -179312.918534343 -174220.479387686
5500 0.0549999999999995 0.0095592924581318 -0.0119611447714619 2.31044861196652 94.6591357868244 92.4405745038282 86.9934866105607 51.3351391565772 51.4811419983136 299.274536452667 2.3996654968856 1515.14680217661 -179302.750654689 -174132.288089217
5600 0.0559999999999994 -0.00382286178827386 0.0166844173334815 2.28648211711416 94.7204919575279 92.4443511846036 86.9014300109728 51.4252571733931 51.571598740549 299.440558421912 2.40055338569384 1515.98732692948 -179291.372092452 -174135.199203034
5700 0.0569999999999997 0.0110977344217861 -0.015755755566563 2.32223507081457 94.74973613776 92.4576902413812 86.8093734113849 51.4982577176122 51.6449144741668 300.064798697116 2.40201074028243 1519.14768820838 -179282.383152847 -174096.40998999
5800 0.0579999999999997 -0.003458873356207 -0.00760925980558084 2.30510642561701 94.79974068655 92.4763270939619 86.717316811797 51.6110349416616 51.757985673716 301.79067043654 2.40280796043717 1527.88531446269 -179279.018760867 -174122.754785036
5900 0.0589999999999996 -0.00421489627707641 -0.00453802313784495 2.34658199112599 94.8529342783482 92.4683112662864 86.6252602122091 51.693963333577 51.8412962060731 299.894147717084 2.40422089164097 1518.283728014 -179257.40011963 -174043.648854295
6000 0.0599999999999996 0.00368930905909635 0.00978908174313801 2.35362164289586 94.8949928572372 92.4842900172502 86.5332036126212 51.7651743158013 51.9128134328365 300.123135554941 2.40529621973441 1519.44303209105 -179246.607327757 -173987.100189791
6100 0.0609999999999996 0.0049267087874958 -0.00559655789837557 2.3729622538903 94.9366720615709 92.5021554017792 86.4411470130333 51.8570506546624 52.0049907498142 301.215655149692 2.40633583318648 1524.97416611242 -179240.271376856 -173968.648428346
6200 0.0619999999999995 0.0144717228523331 0.016257981282334 2.39235879704762 94.9857259820201 92.4949473354635 86.3490904134455 51.9531174616178 52.10144053334 302.027948276645 2.40784481016706 1529.08658860022 -179232.602929183 -173879.041682465
6300 0.0629999999999995 -0.00492756853040941 -0.015605750934812 2.40387145538802 95.0438462560597 92.5125388141664 86.2570338138576 52.0412363653589 52.1898596672968 303.02986343238 2.4084824898357 1534.15901661985 -179226.07152519 -173931.173695629
6400 0.0639999999999995 0.0139409795312323 0.0103537779648357 2.39664788824307 95.0748740704485 92.5188598841735 86.1649772142697 52.1096179707961 52.2585851013432 304.127082843482 2.41010412930557 1539.71394455232 -179220.165379564 -173862.945707995
6500 0.0649999999999994 -0.0182317839211522 -0.0179309856547783 2.41921347406592 95.1398929865238 92.5303863168362 86.0729206146818 52.2104550506883 52.3597428390163 301.73769153152 2.41073260575591 1527.61709645966 -179196.825196447 -173912.432587219
6600 0.0659999999999997 -0.00745845554627349 0.019424902278288 2.4218705415932 95.1849063294827 92.532066957443 85.9808640150939 52.3183259116997 52.4679717263606 301.763029921573 2.4121286119276 1527.74537794032 -179185.914716174 -173823.55201257
6700 0.0669999999999997 0.0108286806218409 -0.0175187624937543 2.48554490313724 95.2210467448289 92.549247847283 85.888807415506 52.4143159753358 52.5642713651687 303.147386842436 2.41334937408139 1534.75400616035 -179182.159764572 -173743.83642535
6800 0.0679999999999996 -0.00733680244893682 0.0023348617940386 2.46169042123021 95.2728154347234 92.5601811835716 85.7967508159181 52.537799184335 52.688082545468 305.049220992562 2.41434082950032 1544.38248295958 -179181.249677609 -173769.792917969
6900 0.0689999999999996 0.0225517060683404 -0.00327217010892359 2.53818739811138 95.3169087933734 92.5590720607055 85.7046942163302 52.6435483148529 52.7942016515802 304.893829673362 2.41584498728919 1543.59577833992 -179170.216767409 -173603.417804869
7000 0.0699999999999996 -0.0306383099202934 0.0128025491620362 2.50139630987416 95.3840401834238 92.570370748729 85.6126376167423 52.7671981812544 52.9181771996965 304.589430120821 2.41644559195124 1542.05468495428 -179158.778900421 -173710.755731863
7100 0.0709999999999995 0.020864349317736 0.012788407315826 2.57834608213338 95.4091385019935 92.5809447844501 85.5205810171544 52.8753122425381 53.0266280805912 305.060398594019 2.41813414705411 1544.43907216126 -179151.536034651 -173501.998361398
7200 0.0719999999999995 -0.00658888767387546 -0.0192659747961861 2.57099724796875 95.4656662302923 92.6032317857694 85.4285244175665 52.9693622254065 53.1209714124994 305.179483286456 2.41872425214634 1545.04196605619 -179142.752222476 -173598.661237197
7300 0.0729999999999995 -0.00430500344130412 0.00979080027682618 2.57802037338883 95.5248172353312 92.5922086992767 85.3364678179786 53.0634692768438 53.2154818083715 305.326861025263 2.42012218717066 1545.78810006516 -179134.186819234 -173531.415482331
7400 0.0739999999999994 -0.00470543472983941 -0.0170593831163593 2.65072321780296 95.5698792472867 92.6117109478786 85.2444112183907 53.1724500773103 53.3247690186708 304.002044323558 2.42108342845118 1539.08090802386 -179118.203387583 -173452.402865253
7500 0.0749999999999997 -0.0154616130898471 -0.00737342219824651 2.64402700913018 95.6055116067965 92.6381949247435 85.1523546188028 53.256692934057 53.4092978983205 305.48454986594 2.42210485370062 1546.58643642054 -179116.292327717 -173456.912501731
7600 0.0759999999999997 0.0124895794925938 0.000828165876930595 2.70378479918204 95.6570671846041 92.6228215449554 85.0602980192149 53.3563871871327 53.5094137668422 305.734311415303 2.42382157772848 1547.85091223365 -179108.022048281 -173299.908383781
7700 0.0769999999999996 -0.0220221530318826 0.00361784075243987 2.71704225810707 95.7232130732637 92.6355914070334 84.968241419627 53.4962462247108 53.64960040707 305.742703339678 2.42443664300101 1547.89339829856 -179098.309156042 -173320.177908199
7800 0.0779999999999996 0.0277176870717631 -0.00198995998260447 2.7776605152082 95.7479117200348 92.6563092600692 84.8761848200391 53.5984959779038 53.7521595488376 306.803707446085 2.42589756066834 1553.26497784546 -179093.771935143 -173148.714656093
7900 0.0789999999999996 -0.00374111819581667 0.00991504945526101 2.76912949327953 95.8059358475759 92.6649146862926 84.7841282204512 53.735235908442 53.8892439506704 306.679492658453 2.42683532979978 1552.63611165292 -179083.097845366 -173184.347210312
8000 0.0799999999999995 -0.0196176202815847 -0.0153669335609365 2.83019024774995 95.8714009263847 92.6619173132775 84.6920716208633 53.8861941045798 54.0405844422291 305.189819348901 2.42789277994441 1545.09429477131 -179065.414169579 -173144.944965333
8100 0.0809999999999995 -0.000602641701194932 -0.00146375034726599 2.85531754308335 95.9061946883305 92.6864997888943 84.6000150212755 54.030034265308 54.1847222276396 307.06766115097 2.42900849616497 1554.60130473989 -179064.775776061 -173045.991663787
8200 0.0819999999999995 0.016743679386148 0.00437672649000075 2.91292010127882 95.9446219587867 92.7004165137025 84.5079584216876 54.1590999122069 54.3141207684011 306.60850164073 2.4303156526887 1552.27670314874 -179052.087331962 -172911.694257126
8300 0.0829999999999996 -0.0102879094234419 -0.00631181712751415 2.96389186379042 96.021174388676 92.6934150242587 84.4159018220997 54.3090170505936 54.4644343870839 308.808689429014 2.43120989647189 1563.41566448879 -179052.762194916 -172882.203090396
8400 0.0839999999999997 0.00304960078376273 0.0128177221923566 2.99465756469688 96.0550367818634 92.7099800856929 84.3238452225117 54.438426059211 54.5941700514807 307.318449096519 2.43257132270789 1555.87097692192 -179034.543410466 -172775.318701998
8500 0.0849999999999997 0.0234964543923346 -0.0228171858520338 3.08586215397196 96.0941527945632 92.7410815241928 84.2317886229239 54.5605881849934 54.7166112883604 309.72027141132 2.43342224705884 1568.03075985167 -179035.933185101 -172647.473998625
8600 0.0859999999999996 0.0174609080677679 0.0510754697174286 3.12123569231744 96.1587659232092 92.7226395015588 84.139732023336 54.6667770490855 54.8232386864165 308.105550444225 2.43493192492537 1559.85586018028 -179016.758243951 -172478.341409276
8700 0.0869999999999996 -0.00634761989799042 -0.0142202805447905 3.18622919271583 96.2160029189697 92.7432754666537 84.0476754237481 54.8081973955743 54.9649715993196 309.774445959651 2.4356067442891 1568.30503107647 -179014.051594014 -172506.186378298
8800 0.0879999999999996 0.0106484528737773 0.00415569115664072 3.23632733112518 96.243857253838 92.7655890604435 83.9556188241602 54.912306045752 55.0693923855681 308.496206657368 2.43698536656707 1561.83364793032 -178996.162399321 -172364.274405156
8900 0.0889999999999995 0.014882411795071 0.00168997127994785 3.33873309049847 96.3025342353795 92.7646367680977 83.8635622245723 55.0463124496968 55.2037836343142 308.295326372951 2.43819898111512 1560.8166448663 -178983.468212458 -172192.745084982
9000 0.0899999999999995 -0.0176020229996051 0.0218667975499282 3.3579696637346 96.3677157547858 92.7727831137709 83.7715056249844 55.188704785753 55.3465311199274 309.647675277875 2.43901316347269 1567.6632250766 -178978.412493953 -172171.792059137
9100 0.0909999999999996 0.0223740494982505 -0.0175068874575131 3.50637928559403 96.3894993020691 92.7943827677239 83.6794490253965 55.3385139878629 55.4966581457142 308.992748337383 2.44057631231773 1564.34750543233 -178962.853489188 -171930.865828763
9200 0.0919999999999997 -0.0278630590320547 -0.0035887995594176 3.51746034835436 96.463319011793 92.8047900168809 83.5873924258086 55.5100681259207 55.6685607754686 308.736433011539 2.44112065340579 1563.04984960466 -178949.024422136 -171958.844897941
9300 0.0929999999999997 0.0100201593985823 0.00324787911559404 3.64366892085442 96.5058960427285 92.7974791810945 83.4953358262207 55.6784044003532 55.8373084065556 309.65305951022 2.44292634637928 1567.69048400253 -178940.781037185 -171684.062127293
9400 0.0939999999999997 -0.0160802805374815 -0.0128817081623575 3.68808193097304 96.5557473020949 92.8333326904454 83.4032792266328 55.8589113188293 56.018085595575 308.869586253992 2.44341602457361 1563.72396879934 -178923.59789613 -171668.590278686
9500 0.0949999999999996 0.00972058441345037 0.00200782005043451 3.81244304106996 96.6023674804609 92.8312368579889 83.3112226270449 56.0208155329895 56.180385348254 308.762818370623 2.44499063820221 1563.18343160904 -178909.45034334 -171402.097793064
9600 0.0959999999999996 0.00010807381929816 0.0130771334050127 3.90609045672146 96.6606650686907 92.840154964 83.219166027457 56.1798811305037 56.3398100183578 308.797307672 2.44598404916173 1563.35804170221 -178895.625241327 -171242.745342966
9700 0.0969999999999996 -0.0121662506199383 -0.0066195627613035 4.00542584852179 96.7114830013969 92.8627440841067 83.1271094278691 56.3300532552914 56.4902984008812 309.132069405816 2.44681075378912 1565.05285067758 -178882.858694771 -171125.710333735
9800 0.0979999999999995 0.025227194565744 0.0168510810356868 4.14386226964495 96.7496273965808 92.8651983353316 83.0350528282812 56.4346632692611 56.5952927076283 310.37157788082 2.44849294731438 1571.32815002124 -178874.198104016 -170805.68542524
9900 0.0989999999999995 -0.0326998830475614 -0.00940701896893396 4.19358100169342 96.8269910876306 92.8854586610949 82.9429962286933 56.6014832958212 56.7624355030757 311.582450397747 2.44871775081179 1577.45847318074 -178864.905352758 -170844.350814222
10000 0.0999999999999996 0.0310360290209202 0.021095766826744 4.3606194403754 96.8546469793789 92.8858868232515 82.8509396291054 56.7171930641071 56.8785390378911 314.085671277495 2.45072726734605 1590.13160988006 -178861.60458834 -170428.489905029
10100 0.101 -0.019699887005481 -0.0131051239534969 4.44072784697415 96.921110794452 92.9168888096777 82.7588830295175 56.8950769931267 57.0567138461531 312.130219389705 2.45095282646306 1580.23168083928 -178835.163204986 -170420.065057746
10200 0.102 0.00900338478067487 0.00685727640168969 4.60626923869936 96.9709541861047 92.9137052040863 82.6668264299296 57.0830217364708 57.2450635344435 311.377283483617 2.45250500185742 1576.41976805888 -178814.205391471 -170075.308494226
10300 0.103 0.0054904449248573 0.00978688949776191 4.71471990174794 97.021995144623 92.9303387283351 82.5747698303418 57.2691103695792 57.4314933340578 310.816640786507 2.45350824835663 1573.58138428003 -178793.630829601 -169893.417622991
10400 0.104 0.000775302463140609 -0.0102301479857959 4.86008026912842 97.0741431401748 92.9525556457722 82.4827132307539 57.4763235359625 57.639030312387 311.533852342566 2.45434028834299 1577.21243424682 -178778.784166162 -169690.63738923
10500 0.105 0.0154468011297371 0.0244821003476823 5.01567736233018 97.1298727338817 92.9453723141864 82.390656631166 57.6645174961883 57.8276443609541 312.251507153724 2.45586257119822 1580.84572829542 -178763.316581078 -169358.987075961
10600 0.106 -0.0284695596905053 -0.0130760941439002 5.11657893443007 97.1921443217108 92.9803379792251 82.2986000315781 57.8703301661542 58.033740329939 310.893585777724 2.4561103965905 1573.97093615694 -178736.574721492 -169309.849392368
10700 0.107 0.0370192278276183 0.00188792163143262 5.31629161923002 97.2166929769345 92.9894486975705 82.2065434319902 58.0035010563537 58.1672828564045 310.632318595393 2.45799905329773 1572.64821040648 -178714.646327653 -168862.102015189
10800 0.107999999999999 -0.029254742428146 0.00377061717505239 5.41391476269926 97.3047572961506 93.0004251878896 82.1144868324023 58.2002971980149 58.3644400412081 311.086821765942 2.45823741502779 1574.94923819721 -178695.570515158 -168790.151835038
10900 0.109 0.0156642561770893 0.00473431845151689 5.62013929626194 97.3438015158505 93.0067649757361 82.0224302328144 58.3453923882386 58.5099163807271 311.248737936161 2.45984159746586 1575.76897638956 -178674.234071903 -168383.926827719
11000 0.11 -0.00344524916315997 0.00724898436254389 5.71464555827005 97.3946078775182 93.0405167415406 81.9303736332265 58.5227419259651 58.6875579832494 310.744927099488 2.46042795553587 1573.2183170948 -178648.668726092 -168242.645770204
11100 0.111 0.00170144173529996 -0.0205564819056084 5.9254093463046 97.4542607141966 93.044401154775 81.8383170336386 58.6866963252199 58.8519016874471 308.285292150328 2.46158507119237 1560.76584428534 -178612.373185961 -167932.541419408
11200 0.112 -0.0107651454972303 0.0200963309575205 6.03087281858911 97.5149518092441 93.0560094744686 81.7462604340507 58.8857902664913 59.0513607463902 306.915181442771 2.46251614028593 1553.82934082671 -178580.743435026 -167705.033739805
11300 0.113 0.00788108562353867 -0.00355245100258656 6.21521834845533 97.5611215339695 93.0797411264026 81.6542038344628 59.0849196295806 59.2508178644528 308.983604953118 2.46349744343222 1564.30121492732 -178565.579047486 -167406.439969257
11400 0.114 0.0124075219243823 0.00311889556903558 6.39473744703187 97.6150792863839 93.0867307359276 81.5621472348749 59.304334850102 59.4706155104368 308.483347632608 2.46472957055654 1561.76854613291 -178536.569662371 -167090.689649951
11500 0.115 -0.0134430191522823 0.0143098288686402 6.52062128861145 97.6793634371339 93.1032399795907 81.470090635287 59.5149534994432 59.6815860145747 309.00401495308 2.46545341355551 1564.40454528927 -178511.740895314 -166894.678327701
11600 0.116 0.0154436428269585 -0.0160364818355494 6.73467636978205 97.7259250403172 93.1221217873562 81.3780340356991 59.7112208630953 59.8781995942866 308.923432366117 2.46656615965511 1563.99657723961 -178482.993870775 -166543.313361839
11700 0.116999999999999 -0.00818338362664411 0.0152574187562065 6.84223119894994 97.7855621474363 93.1344189334411 81.2859774361112 59.9080302401818 60.0753766698927 306.263581697913 2.46752770185265 1550.53046588258 -178440.180395171 -166340.548041264
11800 0.118 -0.0161610563066725 -0.0172762415336681 7.04236153626519 97.8469252404068 93.1531524706782 81.1939208365233 60.1352600588396 60.3029542328802 305.174080484445 2.46827964582017 1545.01461311702 -178404.371970682 -166067.703497108
11900 0.119 0.00995701417772303 0.0328249893773755 7.17028703424216 97.8905928001268 93.1694183221346 81.1018642369354 60.3269645612014 60.4950163304022 305.524895538539 2.4695477943389 1546.79069575227 -178374.874468143 -165727.810858904
12000 0.12 0.0124330352693246 -0.0187675706859205 7.37291064884895 97.9578607562443 93.1881326251343 81.0098076373475 60.5351821542604 60.7035833749101 305.503381276892 2.47016016153757 1546.68177480924 -178342.553166477 -165462.175102799
12100 0.121 -0.00366082472638301 0.0289201071167081 7.49409121579309 98.0171788504019 93.1903754130217 80.9177510377596 60.7321806898854 60.9009859553328 303.995697203756 2.47141428116435 1539.0487742567 -178301.722834404 -165199.800401167
12200 0.122 -0.00265020045103099 -0.0305335731955841 7.68371277160043 98.0724184528646 93.2217392173714 80.8256944381718 60.9447698770158 61.113886233754 303.688798612838 2.47200351811232 1537.49502890925 -178265.993695954 -164966.709659041
12300 0.123 0.0048267543221744 0.0246164289587198 7.79170401360976 98.1232728393231 93.2345738040835 80.7336378385839 61.1528451712522 61.3223335826686 303.0759143103 2.47319908995719 1534.39215987769 -178227.728203757 -164675.054191813
12400 0.124 -0.00360418515460637 -0.0201846156822826 7.9927665390841 98.1929738508821 93.2508198167258 80.641581238996 61.3730013127562 61.5428510384926 304.524745934259 2.47383374159124 1541.72720624667 -178198.894459424 -164414.86470436
12500 0.125 -0.00794378903388101 0.00859707690959751 8.1026496653918 98.2460030906019 93.2680112436835 80.5495246394081 61.5741230482764 61.7443325895143 301.542100238022 2.4748679193579 1526.62687013974 -178146.639388307 -164176.555468436
12600 0.125999999999999 0.00391124403353343 -0.0220334418746172 8.29889636731651 98.3014382158947 93.2921353010486 80.4574680398202 61.789422415221 61.9599703006332 302.464898954346 2.47566198944245 1531.29875282199 -178113.121549309 -163869.919057925
12700 0.127 -0.00363180202702396 0.0239476827078225 8.40480147890217 98.3694781745774 93.2945118102498 80.3654114402323 62.0558130945714 62.2267700354312 301.780557923208 2.47672038643444 1527.83411751684 -178070.494115088 -163614.700477531
12800 0.128 0.000960740474943526 -0.009668573747068 8.56098420922704 98.4247331981646 93.322466840221 80.2733548406444 62.2886132526033 62.4598981492266 298.860593938549 2.47742630942289 1513.05112212315 -178015.53197258 -163383.140918791
12900 0.129 -0.00208928507986328 0.00435234180447645 8.68651569512901 98.4777814802585 93.3483093514648 80.1812982410565 62.5309527400429 62.7025734216673 298.98865090677 2.47824831016276 1513.69944024669 -177975.045420579 -163137.030000254
13000 0.13 0.0204998706740356 0.0145259007962484 8.84805371330265 98.5467684399797 93.3511385898669 80.0892416414686 62.7811335729205 62.9531647670788 298.262428382048 2.47928485416642 1510.02277015961 -177929.169182989 -162802.563836421
13100 0.131 0.00549398459193617 0.0129760649927649 8.96374970728787 98.6041233995869 93.3759216412376 79.9971850418807 63.018157234689 63.190529499952 298.387377488276 2.48003569865983 1510.65535401048 -177886.664932026 -162611.626619626
13200 0.132 -0.00051692453445881 -0.0227277268932882 9.11453481435901 98.6610730299249 93.4036257900759 79.9051284422928 63.2558002113531 63.4285051610663 298.219704123048 2.48072367721619 1509.80646868216 -177841.552286785 -162404.086638612
13300 0.133 0.00961962097115737 0.0226284626932588 9.242533127018 98.728682733189 93.4032945152535 79.8130718427049 63.4671000213748 63.6402286033667 297.863075332135 2.48189298618099 1508.0009526549 -177794.507914119 -162084.437738992
13400 0.134 -0.00682401770423471 0.00181246382459866 9.34190928379422 98.7894199458217 93.4369875321848 79.721015243117 63.6744985160579 63.8479425279459 296.490289547309 2.4823358028815 1501.05090599671 -177741.21917735 -161945.533157217
13500 0.135 0.0122929979709689 -0.00880288229937869 9.4811204217097 98.8429447230611 93.4564395193251 79.6289586435291 63.9058138089013 64.0796199516621 294.739628078205 2.48334279357705 1492.18777598222 -177684.951558274 -161677.870965558
13600 0.136 -0.0153670745749816 0.0229131642466953 9.55388894133538 98.9183681368919 93.4660279273006 79.5369020439412 64.1631965453176 64.3373974912335 293.83161421988 2.48406647942664 1487.59074507514 -177631.85831632 -161516.068317613
13700 0.137 0.00894686162293766 -0.0237903331646458 9.74049764292624 98.9721676512086 93.4944508389529 79.4448454443533 64.4104619723768 64.5849982530312 294.050327985423 2.48483739255064 1488.6980342765 -177583.436616137 -161219.914021337
13800 0.138 0.00591972448565341 0.0282756076596251 9.79742569903817 99.0335240062539 93.5101173736645 79.3527888447654 64.6902820226651 64.8651955444672 294.641916135229 2.48576223379988 1491.69308659204 -177535.722300733 -161012.729038975
13900 0.139 -0.0111425784872676 -0.0291485796705617 9.94711154576605 99.1108912095202 93.5282280927461 79.2607322451775 64.998947132943 65.1742313113083 294.466747673777 2.48622510357472 1490.80625559947 -177482.990384289 -160848.733523579
14000 0.14 0.00339799351239622 0.0191111441441658 9.98928077464732 99.1576024723294 93.5540021690429 79.1686756455896 65.2613316490299 65.4369624884662 292.552803098169 2.48725806063981 1481.11646696043 -177420.283712173 -160641.617148223
14100 0.141 0.0101562168708348 -0.0202122904978731 10.1480816368536 99.2247233588992 93.5753989234789 79.0766190460018 65.5531171238991 65.7291099926447 292.800070762722 2.48790010745262 1482.36831690285 -177367.250091436 -160398.447045778
14200 0.142 -0.0128691478776466 0.023421982369148 10.1912308466326 99.3036654131618 93.5815907984371 78.9845624464139 65.8177916474561 65.9941964611913 291.032670001227 2.48865500741636 1473.42044033546 -177302.898682157 -160250.376354848
14300 0.143 0.0167788474307288 -0.00690561664645496 10.3222365462982 99.3491647660566 93.6158568900228 78.892505846826 66.0269277355133 66.2036549537959 293.281590404651 2.48950628813342 1484.80612185045 -177257.642932482 -160000.10976988
14400 0.144 -0.00487408618961573 -0.00887476007094171 10.3678821299629 99.4221612853219 93.6385079481447 78.8004492472381 66.2588627870481 66.4359513159845 293.747701652603 2.48998216997006 1487.16591822727 -177202.491119622 -159911.99854125
14500 0.145 0.0112015058193862 0.0282212763157028 10.4869176180075 99.4904320259896 93.6397934470191 78.7083926476502 66.5114838248174 66.6890026927862 294.057715562592 2.49114959619714 1488.73543560057 -177145.481889939 -159598.112260319
14600 0.146 -0.00605035057156124 -0.0181873959190971 10.5483119764852 99.5524222318558 93.6836665149087 78.6163360480623 66.796363535781 66.9741777795529 291.610117610554 2.49134633423694 1476.34390288281 -177073.78844282 -159543.535393847
14700 0.147 0.0169879455955167 0.0164608275630457 10.6108992633331 99.6124353731693 93.6947086137055 78.5242794484744 67.0690815788881 67.2472967302523 290.935750134431 2.49247053265012 1472.92976101478 -177010.292812771 -159307.306355641
14800 0.148 -0.00364271238539242 -0.00408139028729602 10.7248156060376 99.6952091606644 93.709353315052 78.4322228488865 67.3868714094951 67.5654780459631 292.917941020033 2.49293446751966 1482.96506243809 -176959.757362108 -159138.86046121
14900 0.149 0.0107243645751115 0.020118081777686 10.7541984492156 99.7464494604907 93.7403576889425 78.3401662492986 67.686405939962 67.8653515502935 293.925671543148 2.49375666994168 1488.06693210482 -176903.659481865 -158979.494441447
15000 0.15 0.0137973403437886 -0.0130607977840771 10.8766566434959 99.8138740758666 93.7568980373102 78.2481096497107 68.0053278576921 68.1846602596475 292.812603583337 2.49456381617414 1482.43176721608 -176836.439862487 -158782.531338055
15100 0.151 -0.0243746192234894 0.00595750022548347 10.8466525647685 99.8986837236537 93.7813557874534 78.1560530501228 68.3558464688709 68.5355425666447 291.130994499198 2.49473099881441 1473.91823092748 -176765.805671439 -158796.406960316
15200 0.152 0.0223375397723565 -0.0176329255373796 10.9966992227002 99.9422642755661 93.8087412025112 78.0639964505349 68.5954843392178 68.7755334602497 291.582109206747 2.49585494697136 1476.20210383781 -176705.596159353 -158477.660039218
15300 0.153 -0.0143844582247579 0.0106873519794643 10.9788764488267 100.028377916651 93.8239489397 77.971939850947 68.8842670112509 69.0647114666539 291.518139208035 2.49624577130718 1475.87824087195 -176642.29485048 -158457.230864641
15400 0.154 0.00442881425868009 -0.0113234651940603 11.0955374219953 100.095493900525 93.8442144370885 77.8798832513591 69.1398883378154 69.3207119371297 289.582028048011 2.49698132110324 1466.07622875444 -176569.119012698 -158226.087398995
15500 0.155 0.00535564564335862 -0.00295242180471173 11.1073485545365 100.153398951968 93.8800245163058 77.7878266517712 69.3971365906935 69.5782904700023 289.850771571888 2.49753791911669 1467.43680521923 -176506.701084384 -158133.949242931
15600 0.156 0.00827777611727521 -0.00925831129412254 11.180876302852 100.234725205563 93.8881414900873 77.6957700521833 69.6865210845731 69.8680957225673 288.058970713776 2.49825228702999 1458.36539749947 -176433.54302807 -157967.991520958
15700 0.157 -0.00876984083491805 0.0102943892031035 11.2003783862273 100.304362941167 93.9117812932277 77.6037134525954 70.0086563997789 70.1906028518349 289.236977546455 2.49885013039441 1464.32933050437 -176375.023049169 -157874.106594115
15800 0.158 0.0156241623357504 -0.0175722582733991 11.2652184088885 100.359413451052 93.9471301248477 77.5116568530075 70.309193882363 70.4914749806047 288.531648492126 2.49950472951899 1460.75843846051 -176306.643909566 -157720.453001833
15900 0.159 -0.00527977482156568 0.010030744426573 11.295018624036 100.445927267177 93.9543645452546 77.4196002534196 70.6789014901906 70.8616098212678 290.622747963068 2.50012889245812 1471.3451148747 -176252.092114151 -157604.107831228
16000 0.16 -0.0103036433173435 -0.00561353026112199 11.3492310949046 100.514597507028 93.9827734763839 77.3275436538318 71.0146790313511 71.1977472437485 290.167466669378 2.50063903118891 1469.04014765496 -176184.33760817 -157491.182471377
16100 0.161 0.0157902591069581 0.00856868521573575 11.3734027995605 100.572112800024 94.0086849508743 77.2354870542438 71.3627075289708 71.5461435129898 288.655351935142 2.5014980835739 1461.38471585224 -176110.940119746 -157333.44272561
16200 0.162 -0.00271224454265282 0.00539538304140494 11.4055827977425 100.660912541628 94.026430498172 77.1434304546559 71.728090611816 71.9119242266394 289.561098434886 2.50180153974937 1465.97026773025 -176049.501178162 -157253.561974383
16300 0.163 -0.00220173980807914 0.00988672170127786 11.4704973802916 100.722305328674 94.0506794667613 77.0513738550681 72.0125197835233 72.1967288827156 290.427463443446 2.50261840353148 1470.35644166872 -175987.530111278 -157086.687931958
16400 0.164 -0.00568625809183876 -0.0100955200012672 11.4833331756316 100.795585438721 94.0817018199893 76.9593172554802 72.3186057445831 72.5031713067099 291.207219856089 2.5029647476611 1474.30413948858 -175924.87806877 -157038.64179774
16500 0.165 0.00251116411455722 0.0200123810425341 11.4992521353505 100.872925331283 94.0908438923515 76.8672606558923 72.6214807616163 72.8064731920603 290.121735431685 2.50379767540726 1468.80862264995 -175852.48589878 -156895.232617537
16600 0.166 0.00397597755348697 -0.0100801708710026 11.5082352673365 100.941525228664 94.1269319461946 76.7752040563044 72.9158205625003 73.101155218723 288.735989746843 2.50413576056563 1461.79296348996 -175778.369049474 -156860.30629528
16700 0.167 0.00741258026850795 0.00989969824532275 11.5659765390652 101.009991615658 94.144828516569 76.6831474567165 73.2116660400971 73.3974011609413 287.920335537215 2.50496626509974 1457.66352474101 -175706.881074294 -156675.606625555
16800 0.168 -0.00776401763511328 0.00662423855754578 11.5586909756534 101.096279106099 94.1649118331712 76.5910908571286 73.5720214210367 73.758153390782 289.537536329602 2.50530199828141 1465.85097910351 -175647.500997145 -156649.43677015
16900 0.169 0.0114259506015237 -0.00517071674908911 11.5720353835727 101.158700069313 94.1956130319275 76.4990342575407 73.9098513426539 74.0963449886872 289.154538244423 2.50595198893714 1463.91196240373 -175577.737046071 -156554.706840019
17000 0.17 0.00854653023722199 0.0120952331913928 11.5892525473145 101.235882285101 94.2140888241182 76.4069776579528 74.3067982106811 74.4936948423676 287.622553176517 2.50656672402925 1456.15593242492 -175501.971997766 -156443.087197916
17100 0.171 -0.00292998919346029 -0.00607082376019452 11.6326852066796 101.317336032161 94.2381211347561 76.3149210583649 74.6930885922596 74.8803724983234 286.845577247239 2.50693327639291 1452.22231144746 -175429.814473257 -156356.531847618
17200 0.172 0.0165718413083744 0.0257265354981747 11.6104181135601 101.379513792495 94.2641368012775 76.222864458777 75.0738323665191 75.2614958033416 286.58923393962 2.50772928083712 1450.92451395555 -175360.178992644 -156249.789872283
17300 0.173 0.00666273946623904 -0.0141532285276397 11.653991613641 101.461730961056 94.2862900963497 76.1308078591891 75.44624721231 75.6343061687965 286.816175704084 2.50813761910084 1452.07345931116 -175292.743228001 -156193.497950029
17400 0.174 -0.011842455993981 0.0140857179856911 11.6167541337621 101.540447145308 94.3121962176397 76.0387512596012 75.7777618609911 75.9662052568928 286.574321309323 2.50853814648267 1450.84901530346 -175222.747764222 -156169.212502221
17500 0.175 0.0269943419178444 -0.00649319617526561 11.6982915704927 101.606458189502 94.3333317818954 75.9466946600133 76.101816114736 76.2906580632956 287.343316175667 2.50938473360753 1454.74223029744 -175157.716897859 -155955.088921243
17600 0.176 -0.0165146102224878 0.00628434512863252 11.6376975307996 101.700230371325 94.358081322128 75.8546380604254 76.4790214940404 76.6682560976689 287.739018229056 2.50945514276021 1456.74556378485 -175090.63283801 -156024.806244343
17700 0.177 0.0142733186302104 0.00469702192415135 11.6875910459716 101.763673144833 94.3794491486605 75.7625814608375 76.7784461151345 76.9680803078598 286.949081899811 2.51036943697612 1452.74632777445 -175017.457061318 -155842.303519854
17800 0.178 -0.0080276952056365 0.00926333706552229 11.6511271746968 101.844525814508 94.4080825689505 75.6705248612496 77.1297806444017 77.3197956698579 287.554538928749 2.51066634801771 1455.81159450955 -174951.154035855 -155857.07186622
17900 0.179 0.000881750480049496 -0.0023208218236702 11.6495307503011 101.922696460631 94.4281825496998 75.5784682616617 77.5046224522122 77.6950456120722 283.982428306033 2.51126181952901 1437.72695539798 -174863.591758154 -155798.240342692
18000 0.18 -0.000251926396160634 0.00472183393542693 11.658531716951 102.000245714365 94.4520768929462 75.4864116620738 77.8989762792048 78.0897967831011 285.502684622209 2.51177714457828 1445.42360584891 -174801.673803438 -155709.682965602
18100 0.181 0.00588863580918101 -0.00862286294829315 11.6774548010971 102.073391981846 94.482052958442 75.3943550624859 78.2920084368478 78.4832077290112 285.531112336401 2.5122445726085 1445.56752775006 -174732.125130999 -155625.545770804
18200 0.182 -0.000647473010637705 0.00661888740414519 11.6588615992201 102.154178623916 94.495666805795 75.3022984628981 78.7111976709884 78.9028291038248 285.580678187334 2.51296449661402 1445.8184663746 -174662.508026702 -155575.690512521
18300 0.183 -0.00232827990695228 -0.00469473934767398 11.6320331286228 102.232789358998 94.5291106049491 75.2102418633102 79.138526286773 79.3305290048002 285.737300057372 2.51321618546389 1446.61140094348 -174593.41724622 -155567.792550725
18400 0.184 0.030316236652836 0.00366614237489205 11.6555431965516 102.303266239742 94.5444465106244 75.1181852637223 79.5050536439987 79.6974834650098 285.118435280679 2.51415474367957 1443.47825437345 -174520.32053533 -155406.869347854
18500 0.185 -0.0134111510695117 0.0114643146658975 11.5658606849111 102.397418711594 94.5690005766971 75.0261286641344 79.9032732852606 80.0961072801703 283.311506528825 2.51427206268929 1434.33025818044 -174441.146263033 -155527.534326026
18600 0.186 0.0108515878009426 -0.00382792548865851 11.5879974020844 102.463887769745 94.594541745546 74.9340720645465 80.2736390224727 80.4668698984347 282.103308607802 2.51504855538704 1428.21347578348 -174364.946472282 -155415.842661825
18700 0.187 -0.00690455777783601 0.0100064991227396 11.5572501263191 102.549377999321 94.6163923439985 74.8420154649586 80.6592002842042 80.8528443857995 282.219624341166 2.51546179636714 1428.80235118042 -174295.416383981 -155400.980716608
18800 0.188 -0.0149416441932253 -0.013910865374006 11.5603605339049 102.63202359551 94.6386811035071 74.7499588653707 81.0383474916103 81.2324040681088 283.603558736472 2.515938878031 1435.80884026674 -174232.268199049 -155377.707890255
18900 0.189 0.0118840750686572 -0.00538636636233427 11.5389819032673 102.706002745233 94.6642829592538 74.6579022657828 81.3848903323342 81.5793484733756 282.460035931945 2.51654589841574 1430.01949065808 -174156.248571145 -155290.579731591
19000 0.19 0.00894140858719938 0.00755770885285504 11.4877023090822 102.783364900443 94.6797954912978 74.5658456661949 81.7546789923407 81.9495717142269 280.828832911824 2.51734375891448 1421.76114676778 -174077.933592579 -155288.366609798
19100 0.191 -0.0132373863230515 -0.0266878443239627 11.4449087099911 102.873831662302 94.7085246187336 74.473789066607 82.2006151554253 82.3959056449872 280.789750386802 2.51747506659913 1421.56328241383 -174007.608410988 -155368.925942277
19200 0.192 0.00749566855426916 0.00913003511746985 11.4060486416525 102.942358528157 94.7221318393516 74.3817324670191 82.627701206811 82.8234324461465 280.838704762164 2.51855098979073 1421.81112530137 -173937.846032391 -155279.575897349
19300 0.193 -0.00414587184148287 -0.00897607074380977 11.3115991603925 103.031813843134 94.7438737380925 74.2896758674312 83.0747955223094 83.27094824838 277.844536283306 2.51890430674809 1406.652452433 -173852.855076951 -155399.544607357
19400 0.194 -2.40168795999986e-06 0.0195558215669463 11.2062323957068 103.102457177863 94.75218827616 74.1976192678433 83.4958689303627 83.6924813596986 276.982333512857 2.52008030663119 1402.28735079101 -173778.863166599 -155447.49514313
19500 0.195 0.00837966455597971 -0.0150353139507631 11.1268694044277 103.170733297668 94.765206173619 74.1055626682554 83.9257638618013 84.1228219681522 280.544692127432 2.52119465167098 1420.32261809794 -173727.822539926 -155545.039648971
19600 0.196 -0.00645140884940509 0.00269171877453625 10.9210231298557 103.24627749396 94.7532370146069 74.0135060686675 84.3196314576834 84.5172150233565 283.578531247918 2.52280207857568 1435.68213279708 -173674.76601281 -155793.033611259
19700 0.197 0.0352371192699763 -0.0176021493700586 10.8047669800562 103.326256384134 94.7180241378566 73.9214494690796 84.7144106937872 84.9125935985381 290.325200448234 2.5249269438832 1469.8387115203 -173641.635431328 -155882.368271212
19800 0.198 0.0500568752106734 -0.0104309084434191 10.6176366388864 103.515790042648 94.6536126329639 73.8293928694917 85.3292089194761 85.5281103844913 302.89838833937 2.52516361561361 1533.49339344622 -173639.81645767 -156066.95891057
19900 0.199 0.0944802205180193 -0.0168547923969978 10.4126762205786 103.848595110935 94.540014033207 73.7373362699038 86.2567421165823 86.4565565237549 326.763960951367 2.52324186937072 1654.31839397512 -173698.046279229 -156243.618364772
20000 0.2 0.179571132548223 -0.0643677697647566 9.97994350546195 104.353714487016 94.4228170592823 73.6452796703159 87.6673739237477 87.8681717069082 359.972475967135 2.5172875853632 1822.44420891271 -173810.783853492 -156747.432717293
20100 0.201 0.244610341955157 -0.0740941569782328 9.30966163073665 105.029067372704 94.2294065525781 73.5532230707281 89.586059330393 89.7881518013811 405.016175218753 2.50937139067499 2050.48839098127 -173997.586968701 -157589.475617351
20200 0.202 0.268042587968074 -0.0478860053599878 8.48628258003874 105.754729016509 94.0421519006416 73.4611664711402 91.8319845893984 92.0354004693355 445.377498447739 2.50024426836306 2254.82695765945 -174178.975312199 -158690.209228135
20300 0.203 0.355119647810156 -0.0509461494687419 7.49333233359428 106.512891503025 93.8881784870621 73.3691098715523 94.4540808332513 94.6587611066966 487.220359966761 2.4896384190878 2466.66615579481 -174383.667892147 -160014.166160563
20400 0.204 0.277615654528028 -0.053904037862486 6.56253756802715 107.283755419521 93.7388660984082 73.2770532719644 97.352671282079 97.5586413078042 518.184677809312 2.47879696501132 2623.43020166659 -174545.055548722 -161517.158035839
20500 0.205 0.285331168912546 -0.0647823539225861 5.83453451108376 107.965200992902 93.5903959487576 73.1849966723765 100.213990387569 100.421237916511 536.604946628998 2.47016222402357 2716.68708789618 -174650.799153703 -162618.194186938
20600 0.206 0.231193035943464 -0.0276740339793789 5.29216912794189 108.591849620504 93.4517445852766 73.0929400727886 103.026219076142 103.234711488238 554.451106902191 2.46264913610455 2807.03741635901 -174760.188362562 -163472.083008067
20700 0.207 0.212691541423743 -0.0700029227331099 4.81722719391308 109.166117006252 93.3085761240681 73.0008834732007 105.720443572477 105.930189767599 559.469928776872 2.45654698049064 2832.4463669642 -174809.784092695 -164304.072070971
20800 0.208 0.197002365279609 -0.0600154024098766 4.41443556912073 109.748481253726 93.1927890258797 72.9088268736128 108.606638888411 108.817575840456 573.973441950814 2.44963668253473 2905.8737686613 -174913.906377966 -164946.86562919
20900 0.209 0.179038156251468 -0.0130209238447539 4.13571866284867 110.256800803804 93.0594341170938 72.8167702740249 111.304051315023 111.516210192067 577.258797479688 2.4449242548646 2922.50664355467 -174964.108536153 -165354.940402726
21000 0.21 0.125462932521869 -0.0333623745287055 3.77915515927682 110.750792890474 92.9907794299225 72.724713674437 113.943943072303 114.157120554002 578.713498300413 2.43889926818033 2929.87140409451 -175008.764123139 -166046.508436835
21100 0.211 0.0980307596146819 -0.0714695147391302 3.608226895539 111.152727636123 92.8961246093011 72.6326570748491 116.208146200615 116.422379383695 574.779807030559 2.43563923982434 2909.95617903422 -175027.623571461 -166446.177747664
21200 0.212 0.0786395800219812 0.0139739516086331 3.4192240518649 111.52836495394 92.8170051591249 72.5406004752612 118.27068543597 118.48591572236 572.209990441796 2.43258812607137 2896.94588610119 -175055.156887887 -166671.692562845
21300 0.213 0.096082595618178 0.004021137728511 3.33806893224513 111.830190606517 92.7767458785973 72.4485438756733 119.959320023392 120.175376770336 574.015273227331 2.43015935845765 2906.08554920768 -175105.670476886 -166822.784300743
21400 0.214 0.0729034426860977 0.0247283537142104 3.27285891252183 112.080565163135 92.7406325373366 72.3564872760854 121.440988465895 121.657826705431 571.916983344129 2.42876096765315 2895.46246966253 -175137.663408143 -166968.210199444
21500 0.215 0.0446773262830216 0.00343992554041115 3.25085208963428 112.305925440835 92.7157760264647 72.2644306764975 122.740482957442 122.958051684484 569.146812035286 2.42762567108254 2881.43783445693 -175166.945460734 -167121.016191288
21600 0.216 0.0448025567549037 -0.0347452545993773 3.15545450758432 112.539815384833 92.7193149607646 72.1723740769096 124.097329440332 124.315545534719 565.206550944543 2.42557781255913 2861.48934815354 -175190.894477461 -167369.655769133
21700 0.217 0.0584550533124735 -0.000834057072462766 3.16383679302045 112.741743967897 92.6817187346875 72.0803174773217 125.268668149147 125.487645910261 559.893012339813 2.4253091049037 2834.58832569895 -175208.413324655 -167325.859810108
21800 0.218 0.0476385185669367 -0.0125488702810883 3.12275666247803 112.979166611002 92.6539366084623 71.9882608777338 126.532803544681 126.75254121909 566.340349181351 2.42403390918007 2867.22946488106 -175286.363120451 -167468.243372017
21900 0.219 0.0351970957596861 0.0170009575476369 3.17979041027172 113.158798550811 92.6485703404158 71.8962042781459 127.503482415004 127.723865022773 565.862658174403 2.42342510718459 2864.81104328668 -175329.836239455 -167396.621461261
22000 0.22 0.0461898719387422 -0.00416534051461865 3.12257425956433 113.282278653051 92.6746040921574 71.8041476785581 128.213856373499 128.434739017034 562.25064996324 2.42320618274629 2846.52441337339 -175358.183126729 -167548.487094064
22100 0.221 0.00878777963499501 -0.0195863739067758 3.18853552263229 113.411103510764 92.6876702892907 71.7120910789702 128.894328271303 129.115759368283 559.354034500304 2.42321911692074 2831.85962529011 -175390.154282328 -167574.544553061
22200 0.222 -0.00414196713204383 -0.0299479629253441 3.21090606347074 113.563316040775 92.6659415088173 71.6200344793822 129.623489942043 129.845604070126 554.796502673016 2.42364987847475 2808.7860626149 -175413.73047244 -167623.523937185
22300 0.223 0.0170746605608446 0.0211455865520171 3.24502648427449 113.70348859696 92.6474275718157 71.5279778797943 130.246798971293 130.469577864093 553.616083534578 2.42426177030719 2802.8099167522 -175453.924141509 -167504.104236755
22400 0.224 -0.0176598360628087 -0.050054627059818 3.32938413219317 113.803609557227 92.6823798557335 71.4359212802065 130.762147276082 130.985384531457 546.826404657979 2.42433567074484 2768.43559156028 -175465.105361107 -167583.641112906
22500 0.225 0.0344503235226956 -0.0246875372326985 3.32452818044595 113.891598824566 92.711301106032 71.3438646806186 131.248648532555 131.47235536004 543.198414328174 2.42483179804681 2750.06804846194 -175491.714271599 -167515.845066887
22600 0.226 -0.00969633957468719 0.0216530759255652 3.45020164644238 114.011522693334 92.7077894163031 71.2518080810307 131.804447002005 132.028757322543 538.324799424117 2.42550265540448 2725.39424184795 -175511.162925016 -167361.06300083
22700 0.227 0.0152173480664708 0.0472910801882092 3.5173854042873 114.078559888457 92.7079810944099 71.1597514814428 132.194459590281 132.419318743655 532.987021325951 2.4272082476064 2698.37050133188 -175527.149482731 -167223.540288294
22800 0.228 -0.00640016919925182 -0.0307257444919069 3.53511414685274 114.195460149103 92.7555302512005 71.0676948818549 132.816373582119 133.04166917533 533.694675882175 2.42661978960079 2701.95316676883 -175573.03731295 -167392.761423886
22900 0.229 0.00221891063172348 -0.0360102218794977 3.58038004498298 114.295997742876 92.7744828013091 70.975638282267 133.373477239569 133.599290684134 527.448529353191 2.42713394156793 2670.33060024015 -175583.304270818 -167359.712614941
23000 0.23 -0.000258998900341475 -0.00460628110096348 3.62999506958777 114.402619384706 92.7777716928175 70.8835816826791 133.960734218626 134.187123242206 520.619818373067 2.42793499969566 2635.75866596481 -175589.859922717 -167279.73312535
23100 0.231 0.0281250623165423 -0.0160500272769093 3.67241854360025 114.499954093254 92.8094954633803 70.7915250830912 134.613167442384 134.840032518564 519.027467422769 2.42819534716287 2627.69701969552 -175622.149047287 -167227.780895628
23200 0.232 0.0195089613444791 0.0644486206784719 3.76142384589758 114.596932532117 92.8148201888714 70.6994684835033 135.412201225363 135.639629636457 517.571440297343 2.42916013997089 2620.3255444303 -175654.093742608 -167017.678794264
23300 0.233 -0.00710305267454654 -0.0236391449078291 3.77244312267691 114.690221530779 92.8525425093074 70.6074118839154 136.314665805781 136.542549838924 506.784171647642 2.4293614236224 2565.7124931746 -175637.598030221 -167218.489035221
23400 0.234 0.0265896422401082 0.00511397198703878 3.79522529907605 114.752608474507 92.8770912451797 70.5153552843275 137.046597864818 137.274954979645 501.040113358919 2.43056782794053 2536.63186489652 -175645.358296207 -167124.973498672
23500 0.235 0.0034295844651101 -0.0800462951576813 3.83660466658879 114.871712417401 92.9194026223171 70.4232986847396 138.032898587047 138.261721462357 497.238869217862 2.4301145584628 2517.38718416664 -175662.143377308 -167264.574984456
23600 0.236 0.0057571596073782 0.0138337965314308 3.86360573088415 114.9971043074 92.899463882939 70.3312420851517 138.980202977035 139.209701563182 492.870364339489 2.43116377318184 2495.27061429333 -175675.128596026 -167109.613594042
23700 0.237 0.0318422196947879 0.0299058924219537 3.90957610565006 115.114092325711 92.8865834365166 70.2391854855638 139.896046684084 140.126192147348 490.028461446991 2.4322133414586 2480.88282129662 -175694.796082667 -167008.586135416
23800 0.238 -0.0402328406386921 -0.0373414606811019 3.9178253092054 115.239927321167 92.9278235015167 70.1471288859759 140.868680004025 141.099305383333 482.604373307262 2.43166628950296 2443.29665196421 -175690.48663672 -167245.319202921
23900 0.239 0.0558566175416587 0.0255050448944139 3.99369438976783 115.32026177018 92.9308294124902 70.0550722863881 141.648721443862 141.879911977236 481.647106068951 2.43308676926058 2438.45026438929 -175717.878567714 -166914.302480142
24000 0.24 -0.0071852568730986 -0.0083276386038126 3.94851665845557 115.469248612258 92.9518184994643 69.9630156868001 142.647954066375 142.879714488118 480.431985810066 2.43259530368054 2432.29843605022 -175743.481661123 -167166.698042171
24100 0.241 0.0614873242713574 0.0300368435637603 4.06666838344019 115.566996529203 92.9336690179567 69.8709590872122 143.382503144205 143.614915985918 472.967551901618 2.43421537298681 2394.50800689946 -175736.699188873 -166850.21977146
24200 0.242 -0.0271010400194348 0.000289319586009553 4.01967130196051 115.757463313865 92.9291619111878 69.7789024876244 144.490162112681 144.723269599936 469.127847798384 2.43353423024051 2375.06861368453 -175747.475229136 -167136.816192705
24300 0.243 0.0236437190616595 0.00452755555367599 4.07806499413313 115.854778034686 92.9409480517945 69.6868458880365 145.23980750821 145.473472598907 470.410395483147 2.43439338633914 2381.56180901695 -175783.460156292 -166991.512388385
24400 0.244 0.0478816805287317 0.0272512894460125 4.1459708210605 115.952900272085 92.9527229369856 69.5947892884486 145.938992829696 146.173217597113 467.754561018456 2.43524218807842 2368.11603062236 -175798.557245915 -166843.028474536
24500 0.245 0.0211822555777508 0.0154419297014077 4.18993851007396 116.079710085949 92.9639442092499 69.5027326888607 146.738930877334 146.973745376737 457.951698270267 2.43550978593951 2318.4867627229 -175776.356864273 -166862.662966603
24600 0.246 0.00790163726314376 -0.00315586254141674 4.22271146182946 116.21018573183 92.9603563867444 69.4106760892728 147.572251285949 147.807708804696 454.206742054765 2.43609581389252 2299.52705268053 -175783.842411921 -166889.299246381
24700 0.247 0.0166137657036943 0.00169698582501691 4.21549189081624 116.305458851027 93.0014725567715 69.3186194896849 148.295307517144 148.531230789604 452.589893501215 2.43625524082588 2291.3413816089 -175801.322284162 -166905.497903525
24800 0.248 0.00103095352772465 0.0070920144754602 4.34455995641834 116.406915330118 93.0031557245161 69.226562890097 149.082535195677 149.319059619394 449.681254221144 2.43732464613125 2276.61572016065 -175810.92920108 -166747.363399509
24900 0.249 -0.0138838891040393 0.0120888235717536 4.30015624364652 116.498324472644 93.0437495783358 69.1345062905091 149.894647040183 150.131637885155 444.157518595618 2.43759116281291 2248.65052650172 -175806.311548876 -166856.145286339
25000 0.25 0.0433901848404488 -0.024773918329668 4.42573960880613 116.579595170222 93.0621782406395 69.0424496909212 150.669729578705 150.907250272289 439.274271945934 2.43865669851697 2223.92795693998 -175803.891710167 -166653.857279446
25100 0.251 0.0067409599585703 0.0253041293507479 4.41961034627403 116.698338501158 93.0391279474572 68.9503930913333 151.546774635445 151.784997358601 436.292957738462 2.44003224221732 2208.83436180397 -175810.025735569 -166667.620164643
25200 0.252 -0.000476704925494785 -0.0236672447134631 4.50171220853409 116.784825220864 93.0734132699646 68.8583364917454 152.296291928152 152.535000558593 433.369742639412 2.44058553350758 2194.03490688909 -175815.609769675 -166649.224765583
25300 0.253 0.0354867620736072 0.0128335393653241 4.51470705878577 116.86784789475 93.0853700627849 68.7662798921575 153.0284881586 153.26775291948 428.899007432889 2.44180291916649 2171.40077225194 -175812.354777021 -166539.071751654
25400 0.254 -0.000113838162918924 -0.0184319615897668 4.56139832294439 117.016713058558 93.095915813769 68.6742232925696 154.053250404095 154.29314218922 427.35591312668 2.44168893888929 2163.58849917578 -175822.932600992 -166588.531848648
25500 0.255 0.0157755518995506 0.0259433287449846 4.63018116523968 117.098888085057 93.1115507268091 68.5821666929817 154.767883131127 155.008320868974 421.894815464897 2.44284033943521 2135.94042474652 -175812.732771776 -166408.548942415
25600 0.256 0.0249854989526229 -0.0137764344512771 4.62576124864231 117.189761068397 93.1586870528064 68.4901100933938 155.507935875215 155.7488274718 420.508960109164 2.44299019112577 2128.92421035218 -175822.16981637 -166479.786143278
25700 0.257 0.0199710977430365 0.0133850407312731 4.70671380629207 117.32173178332 93.1317026940271 68.3980534938059 156.403596381294 156.645224331462 417.517962602487 2.44423447227671 2113.78159126646 -175822.76729524 -166338.894051909
25800 0.258 0.00645074543441522 0.0270767506471803 4.73175602304165 117.40653212991 93.1557156067672 68.305996894218 157.120313868561 157.362467003921 415.72065097272 2.44513034071018 2104.68228398614 -175828.279070867 -166317.016524056
25900 0.259 0.013043253766087 -0.0149686332149381 4.79553035367043 117.494443146381 93.1897019292699 68.2139402946301 157.830686634711 158.073337084819 411.527328107146 2.4457058861018 2083.45261371223 -175820.630332931 -166288.33135432
26000 0.26 0.0195848013989405 0.0169311878206838 4.83406035823057 117.647836961645 93.1812827796531 68.1218836950422 158.738353789296 158.98170690476 409.176445691865 2.44603876404588 2071.55072584691 -175821.560294444 -166182.586345735
26100 0.261 -0.0119968558863851 0.0216670873442199 4.82267768530301 117.793942261798 93.179160169884 68.0298270954544 159.639802235555 159.883832163345 406.756862672646 2.44636638036853 2059.30102522879 -175821.356833284 -166255.033638446
26200 0.262 0.0390419484355028 -0.00564505688034416 4.8923414333801 117.899233333782 93.2112180095336 67.9377704958665 160.425687341943 160.670243067711 403.66183494992 2.44665176927993 2043.63172902899 -175817.077914399 -166122.235179781
26300 0.263 0.0481920578026657 -0.016425003456941 4.86049758947919 118.067144062172 93.2127454147761 67.8457138962786 161.558272363114 161.803519474057 402.794832834908 2.44644716624888 2039.24232959123 -175823.671551294 -166184.577760943
26400 0.264 -0.00744805264789804 0.0296428186359928 4.95583611760943 118.244563396803 93.1912635265783 67.7536572966907 162.743871942141 162.989897122543 397.717631402682 2.4466592583558 2013.53781892612 -175807.99194656 -166062.040104547
26500 0.265 0.014382044463539 -0.0205315457156164 4.90382152115655 118.36925777254 93.2099212551005 67.6616006971028 163.743831637459 163.990451431118 396.379634508166 2.44691724730685 2006.7638990996 -175810.643331542 -166197.089557231
26600 0.266 0.0191817196084067 0.00479220989942364 4.96486617069358 118.472478991685 93.2278980001246 67.5695440975149 164.688249392046 164.935444620326 392.11662960317 2.44764403809374 1985.18144732797 -175797.895323039 -166066.627610325
26700 0.267 0.0338831877809364 0.0100225217359775 4.91628394512483 118.598686221934 93.2424391784297 67.477487497927 165.761770060386 166.009577934965 392.699647283955 2.44799320483913 1988.13310965489 -175809.152587953 -166120.51677642
26800 0.268 0.0184056085255552 -0.000987764789897451 4.95784593539712 118.737370560221 93.2527124426344 67.3854308983391 166.930661853661 167.179111321138 390.628103479672 2.44820457624756 1977.64543834201 -175806.179445191 -166105.29617058
26900 0.269 0.00979335983464193 0.0101312278518874 4.99213207046275 118.865069316275 93.2673843125772 67.2933742987512 168.013968398774 168.263035083005 387.122722879055 2.44853470867166 1959.89863545531 -175795.334084229 -166056.132035375
27000 0.27 0.0228813862617708 -0.0357256684131383 5.03087219822471 119.010787209143 93.2687231661329 67.2013176991633 169.189885806098 169.439634167765 385.191669564791 2.44885159745457 1950.12222985589 -175791.862667308 -166054.176791723
27100 0.271 0.0141479239547329 0.0201117949970406 5.0080115649525 119.164891388656 93.248309013963 67.1092610995754 170.418069088568 170.668580490445 385.696427774694 2.44957573825183 1952.6776854475 -175800.45464904 -166024.90289224
27200 0.272 0.0137340297847055 -0.0124378319040596 5.00092175307432 119.307555288156 93.2672901978404 67.0172044999875 171.638217015429 171.889353669405 385.768029237119 2.44950878717534 1953.04018446967 -175806.424543411 -166092.439247061
27300 0.273 0.00712544951619071 -0.0166982465922942 5.01854020059642 119.46164034551 93.2688030973983 66.9251479003996 172.913445890849 173.165278844418 385.993267137813 2.44967459609504 1954.18050361947 -175813.300091568 -166088.22871197
27400 0.274 0.0218619495800605 0.00452967039305884 5.03412404861404 119.615817581504 93.2558614168781 66.8330913008117 174.226627986628 174.479206003808 383.954760768007 2.45022696416132 1943.86009198661 -175808.629641186 -166015.676775399
27500 0.275 0.0166316207828527 -0.0202623536371437 5.00894659393667 119.772896999552 93.2787301849314 66.7410347012238 175.649960353173 175.903173324414 384.375728139944 2.4497879867052 1945.99133701323 -175816.206801751 -166105.348996645
27600 0.276 0.0138489173079472 0.0115476163281959 5.06223844082696 119.903595145802 93.2663727476437 66.6489781016359 176.92367002543 177.177603293607 381.243187704822 2.45082233016939 1930.13212400025 -175805.432228411 -165986.060997767
27700 0.277 0.0275104595788408 0.0134603787039045 5.02354616352991 120.061113176744 93.276822005024 66.556921502048 178.328365388485 178.582978137141 381.265365193197 2.45071767321322 1930.24440268253 -175810.227843697 -166026.257287633
27800 0.278 0.00233068513837895 -0.0166770659383696 5.08654965935343 120.180636973815 93.3018544322365 66.4648649024601 179.489359480338 179.744562574566 379.013308258959 2.45101354848169 1918.8428417523 -175802.90366633 -166019.36479437
27900 0.279 0.000150994014816566 -0.0246358675342386 5.08611784847866 120.293271217947 93.3134312388703 66.3728083028722 180.568540993525 180.824371279251 375.64696538307 2.45181065265634 1901.79994961757 -175789.651546935 -166042.096883174
28000 0.28 0.0198877145770434 0.0207176857587636 5.10671452621446 120.423525824219 93.3067415497807 66.2807517032844 181.651448037749 181.907986521442 374.620878251354 2.45273612943989 1896.60514535924 -175787.556575238 -165915.388664514
28100 0.281 0.0076580843692161 -0.013424508735807 5.12959207713551 120.610393120583 93.3137048303535 66.1886951036965 182.996590696894 183.253862228835 371.732802010977 2.45215902243674 1881.98358907211 -175775.659354896 -165952.647968393
28200 0.282 0.0103057972596304 -0.0115911954227831 5.18386907550311 120.730190157208 93.3166565990574 66.0966385041086 184.028704125577 184.286644076641 370.800481037369 2.45306009412875 1877.26349775225 -175772.824051779 -165866.418554783
28300 0.283 0.0474279069408306 -0.0226524237334174 5.20347620086381 120.861889395351 93.3345963160826 66.0045819045207 185.160073163188 185.418649121155 370.691358579553 2.45333298768615 1876.71103998232 -175773.59460879 -165797.891178503
28400 0.284 0.00903711503239114 0.0397131930103458 5.22525403531045 121.026408718755 93.3088825244551 65.9125253049328 186.422127516737 186.681521388951 368.633615347486 2.45409589868068 1866.29323726939 -175764.389442456 -165730.768965265
28500 0.285 0.0205986398249099 -0.00716544140011679 5.25379106086612 121.178196346959 93.3309320318722 65.8204687053449 187.663404848556 187.92344958411 368.360369982361 2.45387003871911 1864.90986918841 -175763.435507457 -165740.947268245
28600 0.286 0.0225063119520656 0.0544299136773873 5.26808965786786 121.300000558085 93.345997025561 65.728412105757 188.77521811065 189.035901474941 367.484062054171 2.45444312686837 1860.47335691157 -175759.203588809 -165622.589964388
28700 0.287 0.0104428122752168 -0.0607394743100213 5.29865160869974 121.489283248047 93.3688968337637 65.6363555061691 190.179283289087 190.440664911683 366.742156621503 2.45345422382252 1856.71728846302 -175755.203733756 -165768.754192035
28800 0.288 0.00184800935011013 0.0218902596604751 5.31812137602969 121.610084589628 93.3557954260724 65.5442989065812 191.230668074904 191.492781249823 367.199145197709 2.45480398056878 1859.03089919675 -175756.507693298 -165627.454935852
28900 0.289 0.0255455121060139 -0.0082703978559819 5.36107226408278 121.701645599171 93.3860991853081 65.4522423069933 192.115199779801 192.377870035716 365.42991164246 2.45561004017604 1850.07374368558 -175746.188911145 -165572.337871771
29000 0.29 0.0207729806480858 -0.0490863279384425 5.35466797570675 121.871473360697 93.3998391949646 65.3601857074054 193.353282115389 193.616662084895 365.146597192242 2.45528068804919 1848.63939852429 -175743.095924033 -165650.039835987
29100 0.291 0.0221202115642831 0.024209518128238 5.35035394072635 122.077449290704 93.3606640462635 65.2681291078175 194.798700745051 195.063008562859 363.864546231161 2.45562515165268 1842.1487179708 -175734.974533762 -165540.721830409
29200 0.292 0.0225195730716972 -0.000226238074784077 5.35864978361053 122.226074975428 93.38226611197 65.1760725082296 195.976912422145 196.241882581841 364.690768317785 2.45553514663691 1846.33165904983 -175737.056382788 -165562.676144468
29300 0.293 0.0192415488416195 -0.0282998420723014 5.39851335288029 122.382566332022 93.3937615832429 65.0840159086417 197.185767009893 197.451444071423 363.371268533207 2.45556169018973 1839.65138513554 -175728.223960869 -165547.44028896
29400 0.294 0.0189878527899456 0.0106390407549575 5.39464933497972 122.564360314342 93.3788616991858 64.9919593090538 198.550863729636 198.817367309772 365.346388885806 2.45578423585289 1849.65089034446 -175735.927334744 -165492.013022723
29500 0.295 0.0140258370979767 -0.00518178744141344 5.39408748973065 122.752256560221 93.3686199492322 64.8999027094659 200.013739288379 200.281064943794 365.959966295061 2.45577257748149 1852.75726838964 -175736.933165319 -165522.904459237
29600 0.296 0.0187401759157702 0.0282410034307267 5.40616495771673 122.867631684869 93.4041109167732 64.807846109878 201.075211157668 201.343119435014 365.585202417304 2.45601802306114 1850.8599392761 -175732.620640628 -165443.623352072
29700 0.297 0.0233168773861555 -0.00827734464887948 5.44660391672218 123.010245530212 93.4159746289695 64.7157895102901 202.285911029228 202.554515234827 363.507673259916 2.45634818162269 1840.34196572393 -175719.562375365 -165429.070354297
29800 0.298 0.00661057210131233 0.000766737323173822 5.45844521647451 123.199197764898 93.404999703016 64.6237329107022 203.804872734204 204.074309560664 361.920946195575 2.45636313744051 1832.3087916826 -175708.584657671 -165419.711512652
29900 0.299 -0.00130039822921146 0.015288953028461 5.45126833055986 123.323365150195 93.4246979075449 64.5316763111143 205.05260206336 205.322689115166 359.692455180608 2.45687238889492 1821.02653868832 -175693.743888574 -165418.780803518
30000 0.3 0.0198207245633044 -0.013787517789859 5.53617197067246 123.468530124285 93.4344974844646 64.4396197115265 206.392590908456 206.663389761774 357.851847769869 2.45723172910478 1811.70803646792 -175680.336997427 -165296.91858517
30100 0.301 0.0062125216220803 0.0201787595010508 5.51425901186315 123.602500495703 93.440632257643 64.3475631119386 207.660357491959 207.931866691573 357.773612392411 2.45791854232101 1811.31195171117 -175675.216605366 -165296.993611008
30200 0.302 0.0122293681194984 0.001447712164136 5.56955518961073 123.755220036101 93.4595308977331 64.2555065123506 209.032538323883 209.304744141707 356.595064740041 2.45790526887457 1805.34528068106 -175664.190490851 -165226.047621481
30300 0.303 0.0208226505146794 -0.0124850262056744 5.61559431195491 123.906526728925 93.4623773734114 64.1634499127628 210.436884344392 210.709838354623 356.53309332664 2.45835105956505 1805.0315360172 -175658.314796981 -165159.132679595
30400 0.304 -0.00106138036929488 0.0165529210202055 5.6283535183675 124.040462073217 93.4807083918045 64.0713933131749 211.684151676106 211.957782373484 356.340446284414 2.45874266252479 1804.0562156527 -175651.350343556 -165123.749062562
30500 0.305 0.0640482760809669 0.00491254086818399 5.68264302760819 124.145654361314 93.4864843035815 63.979336713587 212.769329384239 213.043639054683 355.416213115226 2.46004205953251 1799.3770707199 -175640.241387391 -164955.455052315
30600 0.306 0.0156105962291946 0.0163455767557454 5.73484808950637 124.309144080211 93.5060223215426 63.8872801139991 214.190099789364 214.465126602453 353.45134211926 2.45983262470059 1789.4294552578 -175623.039664147 -164923.959942431
30700 0.307 0.0462289777302472 0.0137054578208244 5.82049023953284 124.434911888987 93.5195166388255 63.7952235144112 215.366944240819 215.642657091201 354.356908398243 2.46053730547136 1794.01409472637 -175619.933764105 -164743.32902927
30800 0.308 0.0127271814223392 -0.012162732626574 5.81828708028881 124.586574884836 93.526747305858 63.7031669148233 216.688508443007 216.964965343439 349.809815659238 2.46090311035067 1770.9933823585 -175588.434462656 -164831.289000377
30900 0.309 0.0134415369025438 0.0219606457531445 5.83379330417309 124.704145718456 93.5493671894964 63.6111103152354 217.81946920922 218.096574834789 349.521646560598 2.46154564634566 1769.53445941282 -175578.004815965 -164746.937185339
31000 0.31 0.0245252156963177 -0.0236513406647287 5.85439057480802 124.8580543304 93.5505356388442 63.5190537156475 219.057892603188 219.335768598458 348.380074433436 2.46204368471683 1763.75498556107 -175562.816722175 -164760.865564272
31100 0.311 -0.00937145943505178 0.0105319056022564 5.91413241516142 125.004429787766 93.5616076037753 63.4269971160596 220.332584684477 220.611190683629 348.011407366736 2.46243846207633 1761.88852296856 -175551.065184391 -164659.784386901
31200 0.312 0.04459187697634 -0.0117964752567698 5.93005704487285 125.11706099662 93.5894971998763 63.3349405164717 221.43201386777 221.711249693736 348.158644861092 2.46306345259209 1762.63394695745 -175541.288303921 -164578.195959871
31300 0.313 0.0395571141703883 -0.00932619154043873 5.98300163266032 125.305287308077 93.5724468493066 63.2428839168838 222.936879817182 223.216999435039 347.868693920438 2.46339222812612 1761.166003023 -175529.046767517 -164490.92605305
31400 0.314 -0.00125608810977687 0.0138769964394464 5.94983005578419 125.511136753803 93.5671116354403 63.1508273172959 224.613716522048 224.894710820281 348.09718223557 2.46307754383124 1762.32277815031 -175519.133590873 -164557.02452026
31500 0.315 0.0454853665214853 0.0203495337586002 6.00616791401079 125.635349924563 93.57622323388 63.058770717708 225.942123999606 226.223830406907 347.036813116327 2.46399458201644 1756.95441337331 -175502.306387257 -164380.019083656
31600 0.316 0.00325772580307293 -0.0258791587420616 5.98229642263337 125.801051584978 93.5971738008843 62.9667141181201 227.517987515299 227.800430776404 344.958051883558 2.46379504952653 1746.43020215356 -175480.377158229 -164541.121775656
31700 0.317 0.0317171786484464 0.0276960730699318 5.97435291663988 125.962730451688 93.5833034813086 62.8746575185322 229.049664103224 229.33295172892 345.246047628922 2.46460057351798 1747.88824745805 -175470.158330815 -164418.200843614
31800 0.318 0.0101844162507493 -0.0191324801603261 5.97855456387604 126.150134445321 93.6019326588184 62.7826009189443 230.763145758138 231.047214432107 344.245537843216 2.46405716101329 1742.82293445038 -175453.393773406 -164503.405766453
31900 0.319 0.0140156669787846 0.0408357299356063 5.98215098327496 126.310988227535 93.5898370436516 62.6905443193564 232.245715533332 232.530626243244 346.382652296426 2.46485145042938 1753.64257239234 -175452.259092973 -164390.504533655
32000 0.32 0.0186173426774637 -0.0487327742415403 6.00125759091007 126.494576805999 93.6126650316408 62.5984877197685 233.840756864489 234.126434541231 348.596274517735 2.46429251732197 1764.8495486677 -175451.686517862 -164478.18295889
32100 0.321 0.0171491234414862 0.0412303132840995 5.98135111871276 126.684474007868 93.5850755012924 62.5064311201807 235.446665231908 235.733283010711 348.531857338354 2.46494892423236 1764.52342174591 -175439.843701993 -164363.37012025
32200 0.322 0.0312297242741453 -0.0257545019905535 6.03276058217606 126.867395799332 93.6117960409614 62.4143745205928 237.123000698602 237.410377233017 350.79843544323 2.46432163518414 1775.99849947284 -175439.632099794 -164351.618265967
32300 0.323 0.00829614556465733 0.0154864924637177 6.0322969149304 127.031375164093 93.6072948165758 62.3223179210049 238.73348574377 239.021694162412 348.655239420548 2.46489443241438 1765.1480721739 -175417.11190367 -164314.600657138
32400 0.324 0.0279176616499623 0.0106295095563787 6.00190618459709 127.170866046142 93.6146027651039 62.230261321417 240.240569856908 240.529536839276 348.419646053252 2.46564054550766 1763.95532607093 -175404.275963392 -164329.868425445
32500 0.325 0.0371947576205238 -0.00931964787346283 6.05186307276127 127.328532537158 93.6397004056011 62.1382047218291 241.898645540885 242.188344386406 349.956205737313 2.46557469715989 1771.73451610578 -175400.637099565 -164257.648435307
32600 0.326 0.0229699998790694 0.00928167047575138 5.96858233988953 127.539510114949 93.630408770817 62.0461481222412 243.797417559847 244.088043425821 351.429546193945 2.46539281642504 1779.19364412865 -175396.790276823 -164367.282293114
32700 0.327 0.0233567143402896 0.00940896851856384 6.07404720837655 127.704757606472 93.6398662713463 61.9540915226533 245.399739296935 245.69116353078 350.099949079796 2.46561214480626 1772.46225013982 -175378.697746347 -164193.391597949
32800 0.328 0.0257435067576082 -0.00504908615981864 5.99175575982887 127.853954382944 93.6728957191043 61.8620349230654 246.847550459641 247.139674789696 349.920727549955 2.46553006638189 1771.55489954782 -175366.288710115 -164327.029027979
32900 0.329 0.0231151123640434 -0.0316341081190182 6.04529692251593 128.032712426585 93.6707959118883 61.7699783234775 248.3816633765 248.674648766198 349.473236850162 2.46581227281075 1769.28937401788 -175352.499322043 -164279.070874434
33000 0.33 0.00778131704622554 0.0336533288965992 6.01960973413783 128.228186141449 93.6658418650385 61.6779217238896 250.022523306779 250.316408123656 349.200379896987 2.46585845770024 1767.90797236255 -175339.494918878 -164230.222346871
33100 0.331 0.012288277488444 -0.0579759963916349 6.05823016408804 128.412795812194 93.6744482839027 61.5858651243017 251.622807138042 251.917533490777 352.546057493406 2.46576749648088 1784.84624172356 -175344.731728768 -164292.930891858
33200 0.332 0.018795003520049 0.036940357370629 6.08736737296322 128.571386671976 93.6620698491612 61.4938085247138 253.112387747529 253.407982907847 353.350193494974 2.46673868774141 1788.91736687083 -175337.032346945 -164083.65941997
33300 0.333 0.0183822924910998 -0.0243168148154506 6.13036455432738 128.761152498865 93.6949296231707 61.4017519251259 254.92655679112 255.2229296117 350.091031778936 2.46593093123314 1772.41710423452 -175308.402739517 -164097.207614042
33400 0.334 0.00442466269890891 0.0290821008052031 6.13112729523006 128.917759664578 93.6866491133082 61.309695325538 256.605236557584 256.902466374391 347.399308082077 2.4668514739991 1758.78962827221 -175282.316411466 -164026.332930346
33500 0.335 0.0210685480317267 -0.00868114124460404 6.16105899469576 129.052919409223 93.7192062655088 61.2176387259501 258.143259336345 258.441182902652 347.161717008828 2.46711620601677 1757.58676831919 -175268.119011816 -164000.782700472
33600 0.336 0.0262799730615901 0.0123760183432113 6.15754496282651 129.207097102862 93.7278848881274 61.1255821263622 259.750316112416 260.049042676539 347.953405834562 2.4676548864129 1761.59487674982 -175258.833934277 -163954.521361479
33700 0.337 0.0369134420257125 -0.00392538598748761 6.18696973201766 129.385100309531 93.7278253359249 61.0335255267743 261.399863864862 261.699462936101 345.588618414529 2.46797837927474 1749.6225915706 -175233.445551636 -163905.773178822
33800 0.338 0.00081085106242975 -0.021761479992077 6.15543074704252 129.571595511211 93.7330333177778 60.9414689271864 263.087679614129 263.388151147289 346.456745412333 2.46801172776764 1754.01768598858 -175223.919773746 -164023.606144532
33900 0.339 0.045897441891981 -0.000127701749159106 6.21346404080433 129.734527323524 93.7423921994536 60.8494123275985 264.566689977759 264.867983718647 346.111070451784 2.4683947913503 1752.26762626991 -175208.169879168 -163818.997765557
34000 0.34 0.0321012909005057 -0.00226873307262967 6.22420840614821 129.924194868891 93.7392526089747 60.7573557280107 266.253319128871 266.555522309563 347.298434306467 2.46860855893273 1758.27893137046 -175199.963215369 -163813.608623036
34100 0.341 0.0229831856762397 -0.0206794135820542 6.21989257929865 130.135081912662 93.7454730637558 60.6652991284228 268.063689347921 268.36681111934 348.003409547105 2.46818425385741 1761.84803215039 -175189.505872466 -163846.960123743
34200 0.342 0.0109530811371776 0.0346830390154869 6.22794645876956 130.304366142956 93.7466489640875 60.5732425288349 269.584414649245 269.888402806575 346.356032903386 2.46869292589756 1753.50780553674 -175166.70341295 -163755.365759198
34300 0.343 0.0192676919683108 -0.0348368371156554 6.20879953057837 130.487436169755 93.7717282624258 60.481185929247 271.270884922302 271.575689609988 347.736610072622 2.4683213438173 1760.49729788687 -175159.37111067 -163863.306404769
34400 0.344 0.0624249841073383 0.0216924419286678 6.23659726086664 130.686373456887 93.738203644546 60.3891293296591 273.033994692055 273.33983226391 348.857915210355 2.46920367229876 1766.17416540069 -175150.971096752 -163656.422533928
34500 0.345 -0.0279174103844606 0.0201587956533056 6.17315305777158 130.889133030352 93.7660157848517 60.2970727300712 274.771452786077 275.078137897575 347.065917345565 2.46841020280286 1757.10176028889 -175127.719081743 -163878.249965358
34600 0.346 0.0723713259669828 -0.00504152748122938 6.24327827988516 131.033374608209 93.7525820267817 60.2050161304833 276.082650645654 276.390214561564 348.535496764884 2.46981699693478 1764.54184718743 -175120.670441714 -163645.721502622
34700 0.347 0.0157491088778079 0.0362340064765643 6.18256220066545 131.232547725391 93.7652793088928 60.1129595308954 277.882754821323 278.191213328836 347.417430942582 2.4695105937524 1758.88137945982 -175100.565477975 -163747.127795265
34800 0.348 0.00753744173303836 -0.0228948127281822 6.21937291329742 131.421644577833 93.7644615361258 60.0209029313075 279.67415027224 279.983531328122 346.967278083652 2.46976100616702 1756.60237613136 -175084.071467762 -163780.864148975
34900 0.349 0.0055426515323891 -0.00439307586328112 6.2266918904695 131.581570237141 93.7840142438114 59.9288463317196 281.354606552587 281.66479606115 348.535362133599 2.47003334052531 1764.54116558529 -175077.538064378 -163730.785746236
35000 0.35 0.0524734986020094 -0.00957387698888263 6.23486330063156 131.746383757949 93.7966617319522 59.8367897321317 283.152174874756 283.463205702618 351.294549841233 2.47040549589279 1778.51019376049 -175077.077818116 -163641.001971995
35100 0.351 0.0277212871454344 -0.00221014784636541 6.1971395699007 131.987648657559 93.789320879155 59.7447331325438 285.519088364925 285.831164205364 349.731719466393 2.46988257771409 1770.59800225616 -175055.09122108 -163709.684194889
35200 0.352 0.0168608445525179 0.0267936402273699 6.19659962631687 132.192622965406 93.781974705117 59.6526765329559 287.659588848479 287.972647620857 347.003406489889 2.47005195178252 1756.78528457331 -175027.027492592 -163669.005195354
35300 0.353 -0.013025397834455 -0.0151539486812787 6.16573435126627 132.36465590165 93.8103468090364 59.560619933368 289.564974532428 289.87884566158 348.773302903239 2.46990716235659 1765.74579595746 -175021.797051057 -163812.27321676
35400 0.354 0.0488386774184154 -0.00907165134999486 6.15379863402897 132.551162978692 93.8254853252042 59.4685633337801 291.502248402568 291.817002886293 349.24284674251 2.46985129864513 1768.12297062453 -175010.280145248 -163711.9807003
35500 0.355 0.00489278995942436 0.014833334776201 6.20256971381597 132.778151486145 93.7988843373255 59.3765067341922 293.682483286832 293.998331042538 350.199870104856 2.4701520158962 1772.96812352078 -175001.409004302 -163655.222234598
35600 0.356 -0.000836932505488389 -0.0185536519722523 6.11564071934025 132.982234048131 93.8114366028808 59.2844501346043 295.66947611646 295.98625383018 350.230086188433 2.46986040558588 1773.12109945701 -174987.961495181 -163834.440060377
35700 0.357 0.0488140739370568 -0.0100726404481501 6.21645004520296 133.14378594992 93.8198632797184 59.1923935350164 297.399171519133 297.716815721671 350.762194428441 2.47047814379069 1775.81502092396 -174976.972693522 -163578.598381542
35800 0.358 0.00147353103797684 -0.0450794451869201 6.14048311666903 133.39487729782 93.8282726254731 59.1003369354285 299.752284432317 300.070965825995 352.71828694631 2.46944743233026 1785.71819330321 -174973.609126477 -163804.956844079
35900 0.359 0.0387948450231059 0.0351753344040312 6.1969565286746 133.565138150232 93.8099760738227 59.0082803358407 301.506028936501 301.825683207767 352.352043683822 2.47062888320209 1783.86400178209 -174958.392907043 -163528.352186041
36000 0.36 0.0261858937163332 -0.0241910886458991 6.13280912785653 133.818131811733 93.8275215414493 58.9162237362527 303.938543863259 304.259217240647 351.698155225826 2.46934917775065 1780.55353969649 -174941.900336776 -163719.668798465
36100 0.361 0.0055976359021743 0.0485439532409172 6.15039376842304 133.99744203924 93.8146662223907 58.8241671366649 305.839169711524 306.160821481036 351.137777187491 2.47024246279103 1777.71649581412 -174925.568697663 -163602.308192519
36200 0.362 0.0381946926687434 -0.0235328518133021 6.17862244379412 134.144146619048 93.8600430320399 58.732110537077 307.451507222849 307.773892481706 351.545682843512 2.4702137340268 1779.7816128723 -174913.943223737 -163605.816320827
36300 0.363 0.0165262064847272 -0.0291467220718972 6.18070953844151 134.361814617894 93.8568940924367 58.6400539374891 309.522491969195 309.845903757937 353.602938232116 2.47016643029736 1790.19694576447 -174910.636560356 -163630.675417292
36400 0.364 0.0241362078344888 0.00556851213020867 6.15420636755576 134.600625682798 93.8514865775754 58.5479973379012 311.815495719995 312.139985738789 353.481652764117 2.46980312762546 1789.58290993247 -174896.378953566 -163591.289686943
36500 0.365 0.064652008153394 -0.0186748913639971 6.18049918981308 134.791939281582 93.8538180044981 58.4559407383133 313.721504256959 314.046958687969 352.082217339357 2.47012024521153 1782.49794328675 -174875.707367174 -163513.435768696
36600 0.366 0.00760899631472449 -0.014638707736088 6.14017466415606 135.023605340945 93.8554626550007 58.3638841387254 315.944829710464 316.271333033563 352.442904305696 2.4697282747061 1784.32400476901 -174864.075804557 -163642.075911203
36700 0.367 0.0235769650584272 0.00998444567017279 6.16364181230654 135.226157561595 93.8573255899717 58.2718275391375 317.999126855797 318.326624281714 353.451629198195 2.4698756800431 1789.43090866154 -174855.584877914 -163530.474428847
36800 0.368 0.0185666679883568 -0.0359788203977021 6.14946063480481 135.477362292722 93.8636908368025 58.1797709395496 320.472696101569 320.801273468066 355.023430352764 2.46902932840165 1797.38851682036 -174850.209186704 -163614.160837314
36900 0.369 0.0442512060555619 0.0599741988467533 6.12215728820314 135.674208575023 93.836198981414 58.0877143399617 322.438566872093 322.768226417997 355.16979020963 2.4700777464579 1798.12949756575 -174837.608367251 -163459.684422307
37000 0.37 0.0291146321743454 -0.0502271636389729 6.09399530881977 135.919345668931 93.8559846762784 57.9956577403738 324.721164814644 325.051857131338 357.696855246505 2.46901592843447 1810.92335084474 -174837.689575488 -163679.12554757
37100 0.371 0.0186612862929788 0.0184505882821816 6.01635254729754 136.145651551988 93.8551206679519 57.9036011407859 326.788963593722 327.120719844461 355.62963988591 2.46885335332994 1800.45759328267 -174814.737505637 -163695.915219719
37200 0.372 0.0496001011408152 -0.0153263253852081 6.08192733677901 136.355019088036 93.8511140857275 57.811544541198 328.719617646064 329.052416682678 356.751942267237 2.46909319227441 1806.13950957364 -174808.138824395 -163587.975801725
37300 0.373 -2.72898164796353e-05 0.0105244088358902 5.95998525731766 136.605479066375 93.8470028421654 57.7194879416101 331.013504207081 331.347434059341 356.702031161612 2.46860508876612 1805.88682301708 -174795.845453747 -163798.407569635
37400 0.374 0.0575159118557834 -0.0163830962945543 6.0899662547606 136.793955581145 93.8518093789171 57.6274313420222 332.80949298947 333.144401215275 356.323590405948 2.4690153825027 1803.97087885573 -174781.748805309 -163540.52615685
37500 0.375 -0.00432827666943509 0.0129188567645654 6.00583000759153 137.017525926278 93.8601304747348 57.5353747424343 334.889412075346 335.225363236405 357.0529324035 2.46871180849527 1807.66334199805 -174773.338777623 -163706.881811305
37600 0.376 0.0428912942375649 -0.000832264945323139 6.07743986069666 137.223191081818 93.8617678668138 57.4433181428464 336.855639377746 337.192620653011 357.619885330922 2.46891906159079 1810.53367278244 -174763.97096636 -163533.673538571
37700 0.377 0.0371242503076617 0.00128736603394929 6.03112401000384 137.425615186138 93.8920984446616 57.3512615432585 338.802159452659 339.140076232101 361.139041992244 2.46844187261809 1828.35022017389 -174769.819235891 -163596.80774638
37800 0.378 0.037735829075325 0.00265439744568196 6.07229084626279 137.702655308647 93.8793443719753 57.2592049436706 341.315476998276 341.654626605169 360.45281143171 2.46777147129471 1824.87601868761 -174754.592278736 -163516.071590324
37900 0.379 0.0207552190965141 0.0102908988946763 6.05928451253198 137.924770259041 93.8770373313391 57.1671483440828 343.39962394087 343.73986113178 357.997412500591 2.46782546921745 1812.44499170265 -174730.105784571 -163538.641452362
38000 0.38 0.0724513255937411 0.00131030943294706 6.08474464327189 138.091282482707 93.9037506989353 57.0750917444948 345.084854070705 345.425971373093 357.655022787403 2.46812297632939 1810.71156431126 -174716.165890526 -163422.58869447
38100 0.381 0.03089118280059 0.0141392404691352 6.10553059528157 138.351311794759 93.880396377147 56.983035144907 347.458259574193 347.800618904194 360.280314155083 2.46807777807004 1824.0027111882 -174717.255942661 -163422.448270653
38200 0.382 0.0442336942661222 0.0167383596460414 6.06075093813006 138.550232045883 93.8919023081214 56.8909785453191 349.387820475463 349.731183547222 358.804439515019 2.46821970908297 1816.53075327353 -174697.235717693 -163454.847649038
38300 0.383 0.0299470549352901 -0.0339028061544558 6.12056029059171 138.774935651306 93.9229946813106 56.7989219457312 351.553910038861 351.898273935981 359.738987345299 2.46739997883434 1821.26211857215 -174689.490063269 -163447.122831284
38400 0.384 0.0189439830360106 0.0117760135101005 6.11293275163702 138.951632283894 93.9147673057009 56.7068653461433 353.336884511134 353.682272079273 358.826174358765 2.46847898844452 1816.64079096464 -174672.184795766 -163396.914184403
38500 0.385 0.0159412758322778 -0.0165504546541153 6.1558991206773 139.140647456159 93.9345469802551 56.6148087465554 355.268096119935 355.614448314647 360.448384204674 2.46861410311184 1824.85360482318 -174667.285044789 -163366.403937339
38600 0.386 0.000394937165200322 0.0209467139802405 6.22185621621368 139.324591862251 93.9158721997099 56.5227521469675 357.191296658061 357.538726571994 358.128053005637 2.46986115557514 1813.10638958101 -174641.919980546 -163222.305280148
38700 0.387 0.0268972540933687 -0.00892284909580825 6.22201654657589 139.479337428514 93.9543070069682 56.4306955473796 358.88961545948 359.237880450336 356.771540194262 2.47013473574314 1806.23872862786 -174621.026040884 -163214.276957839
38800 0.388 0.0469075569345378 -0.00914552222636049 6.29135572792046 139.647365744728 93.9491045098543 56.3386389477917 360.647987293866 360.997256883368 353.330279443472 2.47133074366324 1788.81654736307 -174588.898182475 -163067.158179666
38900 0.389 0.017492376267338 0.0198860615849982 6.2479307629929 139.837923159466 93.9626607825574 56.2465823482038 362.510403518385 362.860671076379 352.114675083198 2.47164563264602 1782.66226814837 -174567.451078139 -163120.465600349
39000 0.39 0.0224987518470934 -0.0289771983407589 6.34600384001203 139.983145686174 93.9901492290042 56.1545257486159 363.989611505743 364.340734075225 351.371680086223 2.47240585753946 1778.90068352763 -174547.767240007 -163024.177511031
39100 0.391 0.00731294654380859 -0.0304963911951472 6.30687053747968 140.19739479031 93.9867577827682 56.062469149028 366.031294017211 366.383526469183 352.121755602065 2.47277033724573 1782.69811491852 -174535.25723183 -163095.124614993
39200 0.392 0.00791412875790876 0.0179281807265837 6.37254628211074 140.335776939764 93.9834065765174 55.9704125494401 367.627183790613 367.980357484919 348.813215744521 2.47448326716782 1765.94786398019 -174501.436246397 -162908.575762314
39300 0.393 0.00998244913069468 -0.0229872898390742 6.38759299603919 140.480454496222 94.0325645272811 55.8783559498522 369.36958981832 369.723555225937 347.347206353146 2.47471283795259 1758.52585117673 -174476.443784592 -162928.46723673
39400 0.394 0.0219543941664377 0.00329337963163989 6.42666556497523 140.675101328275 94.0342024741148 55.7862993502643 371.546077586996 371.901100364202 347.900860630296 2.47532358775204 1761.32885445753 -174461.235026494 -162794.151946505
39500 0.395 0.00976807361553884 0.0331678699856657 6.4367984491259 140.866877226246 94.0214334964267 55.6942427506764 373.825118898674 374.18124069511 349.015928685414 2.47637582980891 1766.97414529298 -174448.666916971 -162737.451538848
39600 0.396 0.0423165647123625 0.0053015617282436 6.3919336981956 141.022996023533 94.0709659432428 55.6021861510885 375.818478151962 376.175423411977 347.557622480228 2.47642515928168 1759.5911316575 -174422.809136739 -162780.840532196
39700 0.397 0.0367654996113389 -0.0042883853711182 6.43303667895018 141.2428419051 94.0848954582483 55.5101295515006 378.27504715075 378.633077344671 349.105515429476 2.47630435010146 1767.42769897781 -174412.040656416 -162721.909208809
39800 0.398 0.0298143872872714 0.0238597128712792 6.45136270468697 141.460271174345 94.0737952392903 55.4180729519127 380.658284162703 381.017475834888 350.329543640084 2.47689755212334 1773.62462588999 -174399.622395537 -162645.028522192
39900 0.399 0.0517360487346517 0.0171114767978154 6.46009053641011 141.682358910393 94.0895917445024 55.3260163523248 383.03911709642 383.399399811642 347.657635427504 2.47671395750707 1760.09747041601 -174367.332728524 -162588.850650798
40000 0.4 0.0257165827763398 -0.00161943748157447 6.46002524210077 141.888930098857 94.0985503274443 55.233959752737 385.23835633652 385.599718645797 346.778174096034 2.47699419940896 1755.64499330316 -174343.719568312 -162639.583439814
